0,-5,-0.025741538032889
0.021467924118042,-5,-0.06164438277483
0.039196968078613,-5,-0.12427885830402
0.059603929519653,-5,-0.19176530838013
0.076905012130737,-5,-0.27548116445541
0.098885059356689,-5,-0.35287728905678
0.11632704734802,-5,-0.4597735106945
0.13955092430115,-5,-0.54995679855347
0.156977891922,-5,-0.67699950933456
0.17967510223389,-5,-0.77574920654297
0.20246887207031,-5,-0.90858191251755
0.22707605361938,-5,-1.0215126276016
0.25496292114258,-5,-1.1706268787384
0.2820188999176,-5,-1.3463917970657
0.31308698654175,-5,-1.5215318202972
0.3503270149231,-5,-1.7093242406845
0.3764328956604,-5,-1.9936106204987
0.40099596977234,-5,-2.2035458087921
0.43725609779358,-5,-2.3678729534149
0.46436810493469,-5,-2.6104698181152
0.49204897880554,-5,-2.7949066162109
0.5207200050354,-5,-2.9607222080231
0.54599690437317,-5,-3.1600828170776
0.566241979599,-5,-3.3491344451904
0.5864999294281,-5,-3.4877774715424
0.6068389415741,-5,-3.6261911392212
0.62583303451538,-5,-3.7651958465576
0.64630794525146,-5,-3.8950862884521
0.66402292251587,-5,-4.0357456207275
0.68351006507874,-5,-4.1562080383301
0.70347499847412,-5,-4.289511680603
0.72345089912415,-5,-4.4121432304382
0.74213194847107,-5,-4.5546374320984
0.75940299034119,-5,-4.69482421875
0.77702498435974,-5,-4.8138971328735
0.794842004776,-5,-4.9353475570679
0.81270503997803,-5,-5.0584893226624
0.82895088195801,-5,-5.1819262504578
0.84535598754883,-5,-5.2947525978088
0.86303806304932,-5,-5.4081392288208
0.88048005104065,-5,-5.5304861068726
0.89813899993896,-5,-5.6516900062561
0.91592693328857,-5,-5.7739968299866
0.93354296684265,-5,-5.897693157196
0.95161294937134,-5,-6.0196304321289
0.96950507164001,-5,-6.145703792572
0.98765301704407,-5,-6.270049571991
1.0053369998932,-5,-6.396674156189
1.0232238769531,-5,-6.519814491272
1.0409200191498,-5,-6.6446433067322
1.0589020252228,-5,-6.7679982185364
1.0768260955811,-5,-6.8938736915588
1.0943779945374,-5,-7.0178184509277
1.1128959655762,-5,-7.142228603363
1.1329839229584,-5,-7.2713308334351
1.1554849147797,-5,-7.4116435050964
1.1761820316315,-5,-7.5695428848267
1.1946558952332,-5,-7.7146768569946
1.2133769989014,-5,-7.8446803092957
1.2318339347839,-5,-7.9751672744751
1.2505331039429,-5,-8.1055526733398
1.2682769298553,-5,-8.2366600036621
1.2857010364532,-5,-8.3618125915527
1.3028469085693,-5,-8.4842119216919
1.3264269828796,-5,-8.604510307312
1.3440039157867,-5,-8.7695655822754
1.3620870113373,-5,-8.8930492401123
1.3799688816071,-5,-9.0198726654053
1.3981258869171,-5,-9.1453533172607
1.4160380363464,-5,-9.272481918335
1.4348731040955,-5,-9.398398399353
1.4536499977112,-5,-9.5310029983521
1.4718480110168,-5,-9.6628341674805
1.4902880191803,-5,-9.7913751602173
1.5088820457458,-5,-9.9207019805908
1.5289959907532,-5,-10.051795005798
1.5494780540466,-5,-10.192934989929
1.5697109699249,-5,-10.337693214417
1.5900249481201,-5,-10.480278015137
1.6102409362793,-5,-10.623593330383
1.6307199001312,-5,-10.766211509705
1.6484889984131,-5,-10.911373138428
1.6664659976959,-5,-11.037009239197
1.6849780082703,-5,-11.163997650146
1.7046689987183,-5,-11.294340133667
1.7236750125885,-5,-11.433876037598
1.7439019680023,-5,-11.568051338196
1.7640039920807,-5,-11.711156845093
1.7843389511108,-5,-11.853160858154
1.8048129081726,-5,-11.997135162354
1.8246099948883,-5,-12.142122268677
1.8429579734802,-5,-12.282587051392
1.8611719608307,-5,-12.412675857544
1.8791890144348,-5,-12.541543006897
1.8971049785614,-5,-12.669020652771
1.9150159358978,-5,-12.795780181885
1.9331610202789,-5,-12.922640800476
1.9513039588928,-5,-13.051086425781
1.9690608978271,-5,-13.179309844971
1.9870090484619,-5,-13.304715156555
2.0054559707642,-5,-13.431533813477
2.0239870548248,-5,-13.560306549072
2.0452489852905,-5,-13.692149162292
2.0659770965576,-5,-13.842131614685
2.0865740776062,-5,-13.988237380981
2.1067988872528,-5,-14.133389472961
2.1275088787079,-5,-14.275939941406
2.1487319469452,-5,-14.421132087708
2.1696970462799,-5,-14.570896148682
2.1913590431213,-5,-14.718422889709
2.2122070789337,-5,-14.870668411255
2.2370119094849,-5,-15.016942024231
2.2574639320374,-5,-15.191284179688
2.2779181003571,-5,-15.334878921509
2.2981870174408,-5,-15.478485107422
2.3185980319977,-5,-15.620676040649
2.3387219905853,-5,-15.763259887695
2.359395980835,-5,-15.90415096283
2.3800299167633,-5,-16.048736572266
2.3986570835114,-5,-16.193006515503
2.4165179729462,-5,-16.323703765869
2.4360671043396,-5,-16.44864654541
2.4546449184418,-5,-16.585327148438
2.4726629257202,-5,-16.715076446533
2.4917209148407,-5,-16.840784072876
2.5098950862885,-5,-16.973932266235
2.5276970863342,-5,-17.101053237915
2.5457980632782,-5,-17.224836349487
2.5639789104462,-5,-17.351211547852
2.582377910614,-5,-17.477939605713
2.6005449295044,-5,-17.605886459351
2.618479013443,-5,-17.732526779175
2.6372399330139,-5,-17.857355117798
2.6537430286407,-5,-17.987661361694
2.6707630157471,-5,-18.103281021118
2.6871259212494,-5,-18.22127532959
2.7051849365234,-5,-18.335399627686
2.722944021225,-5,-18.461133956909
2.7409749031067,-5,-18.584901809692
2.7588698863983,-5,-18.710357666016
2.7764890193939,-5,-18.835248947144
2.7938370704651,-5,-18.957941055298
2.8123679161072,-5,-19.079078674316
2.8304290771484,-5,-19.20742225647
2.8486080169678,-5,-19.334074020386
2.8663640022278,-5,-19.461416244507
2.8843159675598,-5,-19.585737228394
2.9019820690155,-5,-19.709804534912
2.9275178909302,-5,-19.834508895874
2.9496819972992,-5,-20.012697219849
2.9719979763031,-5,-20.16738319397
3.0068628787994,-5,-20.323455810547
3.0382449626923,-5,-20.627279281616
3.0671029090881,-5,-20.846921920776
3.0940389633179,-5,-21.049524307251
3.1201930046082,-5,-21.237968444824
3.1450309753418,-5,-21.42103767395
3.1689350605011,-5,-21.594945907593
3.1920850276947,-5,-21.762470245361
3.2159218788147,-5,-21.924438476563
3.2403469085693,-5,-22.091062545776
3.2579810619354,-5,-22.261344909668
3.2785980701447,-5,-22.384334564209
3.2956669330597,-5,-22.528066635132
3.3123590946198,-5,-22.646062850952
3.3289039134979,-5,-22.762441635132
3.3450438976288,-5,-22.877634048462
3.3613660335541,-5,-22.99001121521
3.3771910667419,-5,-23.103921890259
3.3931710720062,-5,-23.214149475098
3.4106950759888,-5,-23.32541847229
3.4344189167023,-5,-23.447008132935
3.452535867691,-5,-23.609855651855
3.4753310680389,-5,-23.737024307251
3.4939579963684,-5,-23.894903182983
3.5160269737244,-5,-24.024654388428
3.5432739257813,-5,-24.177337646484
3.5702328681946,-5,-24.36675453186
3.5910120010376,-5,-24.554962158203
3.6114509105682,-5,-24.700386047363
3.6294989585876,-5,-24.843069076538
3.6483080387115,-5,-24.9694480896
3.6663489341736,-5,-25.10057258606
3.6886339187622,-5,-25.226922988892
3.7070479393005,-5,-25.382011413574
3.7284140586853,-5,-25.511669158936
3.7468159198761,-5,-25.661573410034
3.7649319171906,-5,-25.790245056152
3.7829051017761,-5,-25.917217254639
3.8079829216003,-5,-26.042518615723
3.8259599208832,-5,-26.218311309814
3.8437440395355,-5,-26.344268798828
3.8618190288544,-5,-26.468795776367
3.8798060417175,-5,-26.594610214233
3.8973319530487,-5,-26.719835281372
3.9148230552673,-5,-26.84121131897
3.9327809810638,-5,-26.962228775024
3.951287984848,-5,-27.086240768433
3.9710810184479,-5,-27.213779449463
3.9898760318756,-5,-27.349569320679
4.0079720020294,-5,-27.478588104248
4.0259370803833,-5,-27.603542327881
4.0454289913177,-5,-27.726346969604
4.0656230449677,-5,-27.858770370483
4.0860080718994,-5,-27.997091293335
4.1064319610596,-5,-28.133449554443
4.1251258850098,-5,-28.273504257202
4.1437129974365,-5,-28.400314331055
4.1627969741821,-5,-28.526359558105
4.1812610626221,-5,-28.653400421143
4.2003469467163,-5,-28.777387619019
4.2213139533997,-5,-28.906806945801
4.2394139766693,-5,-29.047571182251
4.2572569847107,-5,-29.169013977051
4.275022983551,-5,-29.288656234741
4.2925310134888,-5,-29.407541275024
4.3104190826416,-5,-29.524963378906
4.3281378746033,-5,-29.644863128662
4.3462290763855,-5,-29.763637542725
4.3638808727264,-5,-29.884979248047
4.3819060325623,-5,-30.003421783447
4.4005079269409,-5,-30.124168395996
4.4199559688568,-5,-30.248079299927
4.4410619735718,-5,-30.377897262573
4.4630670547485,-5,-30.518062591553
4.4839789867401,-5,-30.666397094727
4.5065269470215,-5,-30.805784225464
4.5279910564423,-5,-30.955675125122
4.5540380477905,-5,-31.098075866699
4.5780670642853,-5,-31.270673751831
4.6026818752289,-5,-31.430530548096
4.6275250911713,-5,-31.593467712402
4.6497340202332,-5,-31.757499694824
4.6706008911133,-5,-31.904222488403
4.6913449764252,-5,-32.041507720947
4.7116370201111,-5,-32.177368164063
4.7318398952484,-5,-32.310283660889
4.7501580715179,-5,-32.442691802979
4.7686109542847,-5,-32.562187194824
4.7865469455719,-5,-32.682670593262
4.8053109645844,-5,-32.79927444458
4.8234009742737,-5,-32.921463012695
4.840292930603,-5,-33.038974761963
4.8566029071808,-5,-33.1487159729
4.8729870319366,-5,-33.254409790039
4.8889811038971,-5,-33.360565185547
4.904942035675,-5,-33.464027404785
4.9209299087524,-5,-33.566951751709
4.9365980625153,-5,-33.670246124268
4.9524478912354,-5,-33.771209716797
4.9683198928833,-5,-33.873310089111
4.984668970108,-5,-33.975402832031
5.0020439624786,-5,-34.080471038818
5.0194520950317,-5,-34.192184448242
5.0365679264069,-5,-34.303672790527
5.0537929534912,-5,-34.413467407227
5.0719859600067,-5,-34.524272918701
5.0900120735168,-5,-34.640651702881
5.1148068904877,-5,-34.755912780762
5.1324870586395,-5,-34.914455413818
5.1509799957275,-5,-35.026985168457
5.1711390018463,-5,-35.144451141357
5.1947410106659,-5,-35.272731781006
5.212681055069,-5,-35.423271179199
5.235013961792,-5,-35.536964416504
5.2530210018158,-5,-35.67826461792
5.2713100910187,-5,-35.791938781738
5.289165019989,-5,-35.907451629639
5.3065519332886,-5,-36.020462036133
5.3241939544678,-5,-36.129768371582
5.3419370651245,-5,-36.240451812744
5.3597888946533,-5,-36.351764678955
5.3777599334717,-5,-36.463634490967
5.3960299491882,-5,-36.575016021729
5.4140090942383,-5,-36.689376831055
5.4317359924316,-5,-36.801898956299
5.4492568969727,-5,-36.912609100342
5.4666090011597,-5,-37.02193069458
5.4852159023285,-5,-37.129867553711
5.5040390491486,-5,-37.244758605957
5.5295839309692,-5,-37.361560821533
5.547257900238,-5,-37.519760131836
5.5649330615997,-5,-37.629570007324
5.582850933075,-5,-37.738185882568
5.6016399860382,-5,-37.847724914551
5.6195759773254,-5,-37.964679718018
5.6374778747559,-5,-38.075046539307
5.6622998714447,-5,-38.18497467041
5.6800010204315,-5,-38.337493896484
5.6975700855255,-5,-38.44596862793
5.7150919437408,-5,-38.553577423096
5.7327630519867,-5,-38.660514831543
5.7503950595856,-5,-38.768020629883
5.7682390213013,-5,-38.875648498535
5.7860100269318,-5,-38.984493255615
5.8035950660706,-5,-39.092235565186
5.8211109638214,-5,-39.198791503906
5.8389821052551,-5,-39.304836273193
5.8568859100342,-5,-39.412673950195
5.8748199939728,-5,-39.520614624023
5.8922989368439,-5,-39.628421783447
5.9098920822144,-5,-39.733749389648
5.9275550842285,-5,-39.83939743042
5.9455199241638,-5,-39.945240020752
5.9685978889465,-5,-40.052719116211
5.9863250255585,-5,-40.190525054932
6.0039629936218,-5,-40.29642868042
6.021409034729,-5,-40.401519775391
6.0391430854797,-5,-40.50564956665
6.0569970607758,-5,-40.611110687256
6.0750420093536,-5,-40.716808319092
6.0927250385284,-5,-40.823078155518
6.1102840900421,-5,-40.927234649658
6.1282799243927,-5,-41.030014038086
6.1462819576263,-5,-41.135566711426
6.1641979217529,-5,-41.240566253662
6.1817960739136,-5,-41.344974517822
6.199501991272,-5,-41.447513580322
6.2171750068665,-5,-41.550273895264
6.2346611022949,-5,-41.653263092041
6.2522389888763,-5,-41.754776000977
6.2723701000214,-5,-41.856243133545
6.2926180362701,-5,-41.972370147705
6.3166790008545,-5,-42.089302062988
6.3365941047668,-5,-42.228385925293
6.357547044754,-5,-42.34300994873
6.3817238807678,-5,-42.463157653809
6.4049389362335,-5,-42.602085113525
6.4252939224243,-5,-42.736129760742
6.4454600811005,-5,-42.853099822998
6.4657289981842,-5,-42.968704223633
6.4860138893127,-5,-43.084934234619
6.5059518814087,-5,-43.200839996338
6.5257720947266,-5,-43.314556121826
6.545933008194,-5,-43.427543640137
6.5636079311371,-5,-43.541687011719
6.5811228752136,-5,-43.642318725586
6.5991189479828,-5,-43.740875244141
6.6174960136414,-5,-43.842300415039
6.6355159282684,-5,-43.945529937744
6.6529979705811,-5,-44.046764373779
6.6706910133362,-5,-44.144947052002
6.6886160373688,-5,-44.244174957275
6.7071418762207,-5,-44.345226287842
6.7246279716492,-5,-44.449069976807
6.7419888973236,-5,-44.547607421875
6.7581660747528,-5,-44.645637512207
6.7746839523315,-5,-44.736595153809
6.7902638912201,-5,-44.830474853516
6.8066329956055,-5,-44.918407440186
6.8244230747223,-5,-45.010959625244
6.8408379554749,-5,-45.111820220947
6.8587229251862,-5,-45.204875946045
6.8768339157104,-5,-45.306686401367
6.8944449424744,-5,-45.410091400146
6.9120399951935,-5,-45.510501861572
6.9295969009399,-5,-45.611400604248
6.9472250938416,-5,-45.712112426758
6.9645729064941,-5,-45.812801361084
6.9819469451904,-5,-45.912563323975
6.9995160102844,-5,-46.012325286865
7.0174479484558,-5,-46.112571716309
7.035031080246,-5,-46.216835021973
7.0524010658264,-5,-46.318542480469
7.0695750713348,-5,-46.4192237854
7.0873320102692,-5,-46.51842880249
7.1047480106354,-5,-46.62130355835
7.1289079189301,-5,-46.722206115723
7.1468780040741,-5,-46.861904144287
7.1644990444183,-5,-46.966506958008
7.1824369430542,-5,-47.068737030029
7.2002789974213,-5,-47.173080444336
7.2223699092865,-5,-47.276847839355
7.2404000759125,-5,-47.404739379883
7.25812292099,-5,-47.509880065918
7.2760560512543,-5,-47.612602233887
7.2935810089111,-5,-47.716930389404
7.3111970424652,-5,-47.818752288818
7.3290920257568,-5,-47.920505523682
7.3472380638123,-5,-48.023963928223
7.369136095047,-5,-48.128616333008
7.3870799541473,-5,-48.254817962646
7.4047110080719,-5,-48.358917236328
7.4225039482117,-5,-48.46102142334
7.4403278827667,-5,-48.564029693604
7.4582200050354,-5,-48.667186737061
7.4761390686035,-5,-48.770942687988
7.4940068721771,-5,-48.875377655029
7.5117299556732,-5,-48.978054046631
7.529942035675,-5,-49.081249237061
7.5476610660553,-5,-49.188365936279
7.5653140544891,-5,-49.292182922363
7.5831100940704,-5,-49.395629882813
7.6007590293884,-5,-49.500431060791
7.6192269325256,-5,-49.604598999023
7.6379280090332,-5,-49.713092803955
7.656327009201,-5,-49.823226928711
7.6755299568176,-5,-49.931453704834
7.6930739879608,-5,-50.047142028809
7.7107620239258,-5,-50.151752471924
7.7286911010742,-5,-50.256595611572
7.7466719150543,-5,-50.363170623779
7.7643818855286,-5,-50.469882965088
7.7822918891907,-5,-50.575073242188
7.8001461029053,-5,-50.681690216064
7.8230919837952,-5,-50.786968231201
7.8406200408936,-5,-50.925346374512
7.8628039360046,-5,-51.030353546143
7.8807799816132,-5,-51.163269042969
7.8987519741058,-5,-51.271781921387
7.9166860580444,-5,-51.380130767822
7.934357881546,-5,-51.487945556641
7.951966047287,-5,-51.594619750977
7.9696929454803,-5,-51.700878143311
7.9873728752136,-5,-51.807476043701
8.0052750110626,-5,-51.914043426514
8.022763967514,-5,-52.021564483643
8.0402228832245,-5,-52.126640319824
8.0578570365906,-5,-52.231826782227
8.0757598876953,-5,-52.338394165039
8.0941069126129,-5,-52.446487426758
8.1122579574585,-5,-52.557609558105
8.130038022995,-5,-52.667655944824
8.1482141017914,-5,-52.775611877441
8.1659119129181,-5,-52.885944366455
8.1834759712219,-5,-52.993663787842
8.2011620998383,-5,-53.100582122803
8.2193288803101,-5,-53.207946777344
8.237056016922,-5,-53.318927764893
8.2548289299011,-5,-53.427028656006
8.2723340988159,-5,-53.535537719727
8.2902309894562,-5,-53.642398834229
8.3081328868866,-5,-53.75174331665
8.3260760307312,-5,-53.861278533936
8.3436379432678,-5,-53.971477508545
8.3609030246735,-5,-54.079181671143
8.3786060810089,-5,-54.184989929199
8.3965599536896,-5,-54.293926239014
8.4144880771637,-5,-54.404243469238
8.4358129501343,-5,-54.515777587891
8.4535238742828,-5,-54.647624969482
8.4712610244751,-5,-54.757232666016
8.4885199069977,-5,-54.866764068604
8.5059340000153,-5,-54.973857879639
8.5293419361115,-5,-55.081588745117
8.5471999645233,-5,-55.226318359375
8.5650560855865,-5,-55.337512969971
8.5827620029449,-5,-55.448204040527
8.6001510620117,-5,-55.558475494385
8.6176528930664,-5,-55.667144775391
8.63547706604,-5,-55.776470184326
8.6533761024475,-5,-55.887710571289
8.6710789203644,-5,-55.999282836914
8.688775062561,-5,-56.109889984131
8.7061350345612,-5,-56.2204246521
8.723690032959,-5,-56.328815460205
8.7413599491119,-5,-56.438419342041
8.7592539787292,-5,-56.548336029053
8.7767899036407,-5,-56.659854888916
8.7944450378418,-5,-56.769378662109
8.8121140003204,-5,-56.87943649292
8.82990193367,-5,-56.98942565918
8.8476469516754,-5,-57.100151062012
8.8655939102173,-5,-57.2109375
8.8833339214325,-5,-57.32311630249
8.9012320041656,-5,-57.433891296387
8.9191119670868,-5,-57.545516967773
8.9369468688965,-5,-57.657550811768
8.9549849033356,-5,-57.76916885376
8.9732580184937,-5,-57.882392883301
8.9914610385895,-5,-57.996799468994
9.0092658996582,-5,-58.111198425293
9.0272278785706,-5,-58.223247528076
9.0453970432281,-5,-58.336082458496
9.0656669139862,-5,-58.448978424072
9.08607006073,-5,-58.576663970947
9.1060390472412,-5,-58.705200195313
9.126403093338,-5,-58.830234527588
9.1464579105377,-5,-58.957984924316
9.1668210029602,-5,-59.083522796631
9.1876208782196,-5,-59.211399078369
9.2117691040039,-5,-59.341793060303
9.2320759296417,-5,-59.492687225342
9.2525351047516,-5,-59.620746612549
9.2730460166931,-5,-59.747993469238
9.2935750484467,-5,-59.877109527588
9.3138620853424,-5,-60.005073547363
9.3346290588379,-5,-60.130481719971
9.3569190502167,-5,-60.258853912354
9.378112077713,-5,-60.3981590271
9.3963949680328,-5,-60.530258178711
9.4143750667572,-5,-60.643581390381
9.4320440292358,-5,-60.755138397217
9.4495298862457,-5,-60.865238189697
9.4673669338226,-5,-60.974086761475
9.4855659008026,-5,-61.085430145264
9.5037479400635,-5,-61.199291229248
9.5213649272919,-5,-61.312919616699
9.5388369560242,-5,-61.42306137085
9.5563969612122,-5,-61.532283782959
9.5741710662842,-5,-61.64221572876
9.5920269489288,-5,-61.75305557251
9.6097779273987,-5,-61.865112304688
9.6274890899658,-5,-61.976703643799
9.645651102066,-5,-62.08854675293
9.663498878479,-5,-62.203102111816
9.6811800003052,-5,-62.316265106201
9.6985230445862,-5,-62.429019927979
9.7162530422211,-5,-62.539672851563
9.7340478897095,-5,-62.653095245361
9.7518870830536,-5,-62.766628265381
9.7694180011749,-5,-62.880973815918
9.7870919704437,-5,-62.993663787842
9.8048141002655,-5,-63.107898712158
9.8228149414063,-5,-63.222919464111
9.8404059410095,-5,-63.340145111084
9.8580598831177,-5,-63.455600738525
9.875431060791,-5,-63.571723937988
9.8931970596313,-5,-63.685840606689
9.9111518859863,-5,-63.802383422852
9.9291379451752,-5,-63.922027587891
9.9468100070953,-5,-64.040962219238
9.9697530269623,-5,-64.157173156738
9.9875569343567,-5,-64.30793762207
10.005331993103,-5,-64.424560546875
10.023045063019,-5,-64.541038513184
10.040728092194,-5,-64.657180786133
10.058225870132,-5,-64.773086547852
10.075773954391,-5,-64.888175964355
10.093178987503,-5,-65.003143310547
10.116451978683,-5,-65.117065429688
10.134072065353,-5,-65.27180480957
10.151844978333,-5,-65.388809204102
10.169296979904,-5,-65.506629943848
10.18662405014,-5,-65.622871398926
10.203773975372,-5,-65.738555908203
10.221309900284,-5,-65.85319519043
10.238884925842,-5,-65.970008850098
10.256639957428,-5,-66.087501525879
10.274178981781,-5,-66.207778930664
10.291652917862,-5,-66.325805664063
10.308995962143,-5,-66.444396972656
10.326560974121,-5,-66.56175994873
10.344081878662,-5,-66.681091308594
10.361701965332,-5,-66.800483703613
10.379013061523,-5,-66.920669555664
10.396473884583,-5,-67.038780212402
10.413743019104,-5,-67.157768249512
10.436536073685,-5,-67.27481842041
10.453689098358,-5,-67.430976867676
10.47133898735,-5,-67.547943115234
10.489531040192,-5,-67.667694091797
10.507194042206,-5,-67.790840148926
10.524672985077,-5,-67.910774230957
10.541997909546,-5,-68.029350280762
10.559463977814,-5,-68.146492004395
10.577012062073,-5,-68.264991760254
10.594362020493,-5,-68.383964538574
10.611543893814,-5,-68.501441955566
10.636668920517,-5,-68.617797851563
10.654721975327,-5,-68.787506103516
10.672293901443,-5,-68.909713745117
10.689991950989,-5,-69.02815246582
10.707444906235,-5,-69.147354125977
10.724791049957,-5,-69.265357971191
10.742350101471,-5,-69.381782531738
10.759831905365,-5,-69.499664306641
10.783884048462,-5,-69.616996765137
10.801476955414,-5,-69.778228759766
10.818790912628,-5,-69.896385192871
10.836420059204,-5,-70.012641906738
10.854105949402,-5,-70.130996704102
10.871743917465,-5,-70.249984741211
10.889570951462,-5,-70.368598937988
10.907366991043,-5,-70.488922119141
10.924666881561,-5,-70.608901977539
10.942002058029,-5,-70.725936889648
10.959640979767,-5,-70.842864990234
10.97730588913,-5,-70.961845397949
10.994963884354,-5,-71.080307006836
11.012753009796,-5,-71.199981689453
11.030314922333,-5,-71.319610595703
11.04806804657,-5,-71.437919616699
11.065481901169,-5,-71.557586669922
11.082882881165,-5,-71.675079345703
11.100778102875,-5,-71.792236328125
11.118716001511,-5,-71.912887573242
11.143773078918,-5,-72.033760070801
11.161185026169,-5,-72.202362060547
11.178643941879,-5,-72.319664001465
11.196016073227,-5,-72.437309265137
11.213531017303,-5,-72.554061889648
11.231262922287,-5,-72.671447753906
11.249214887619,-5,-72.791397094727
11.266970872879,-5,-72.912605285645
11.290661096573,-5,-73.032112121582
11.308291912079,-5,-73.191627502441
11.325767040253,-5,-73.31022644043
11.343386888504,-5,-73.427360534668
11.361082077026,-5,-73.545379638672
11.378767967224,-5,-73.663642883301
11.396007061005,-5,-73.781959533691
11.414599895477,-5,-73.897026062012
11.434134960175,-5,-74.020050048828
11.454799890518,-5,-74.150863647461
11.474546909332,-5,-74.288475036621
11.494463920593,-5,-74.420379638672
11.51428604126,-5,-74.551254272461
11.53430891037,-5,-74.68489074707
11.55880689621,-5,-74.817153930664
11.578579902649,-5,-74.981262207031
11.598093986511,-5,-75.113105773926
11.616861104965,-5,-75.243377685547
11.634676933289,-5,-75.368843078613
11.652492046356,-5,-75.48747253418
11.67013502121,-5,-75.606025695801
11.687450885773,-5,-75.723754882813
11.704997062683,-5,-75.838676452637
11.722613096237,-5,-75.954872131348
11.740004062653,-5,-76.07152557373
11.757704973221,-5,-76.186416625977
11.775009870529,-5,-76.303131103516
11.792468070984,-5,-76.417037963867
11.810169935226,-5,-76.531677246094
11.827651977539,-5,-76.647644042969
11.84489607811,-5,-76.762092590332
11.862410068512,-5,-76.874771118164
11.880102872849,-5,-76.989318847656
11.89785194397,-5,-77.105041503906
11.915688037872,-5,-77.221000671387
11.933022022247,-5,-77.337646484375
11.950164079666,-5,-77.451248168945
11.967693090439,-5,-77.56379699707
11.985327005386,-5,-77.678848266602
12.003022909164,-5,-77.794815063477
12.020495891571,-5,-77.911056518555
12.037905931473,-5,-78.025886535645
12.05525803566,-5,-78.140678405762
12.072954893112,-5,-78.255180358887
12.090414047241,-5,-78.372009277344
12.107892990112,-5,-78.487373352051
12.125261068344,-5,-78.602844238281
12.142914056778,-5,-78.71760559082
12.160307884216,-5,-78.833198547363
12.178318977356,-5,-78.948165893555
12.195870876312,-5,-79.06755065918
12.213084936142,-5,-79.183479309082
12.230458021164,-5,-79.29759979248
12.249676942825,-5,-79.413475036621
12.268532991409,-5,-79.540161132813
12.288640022278,-5,-79.664878845215
12.311099052429,-5,-79.798362731934
12.334394931793,-5,-79.947441101074
12.358798980713,-5,-80.102752685547
12.385614871979,-5,-80.266487121582
12.409816980362,-5,-80.446670532227
12.433695077896,-5,-80.609382629395
12.457455873489,-5,-80.769737243652
12.480432033539,-5,-80.929557800293
12.501003026962,-5,-81.084457397461
12.521286964417,-5,-81.222923278809
12.541698932648,-5,-81.359580993652
12.561747074127,-5,-81.496871948242
12.58097410202,-5,-81.631530761719
12.598582029343,-5,-81.761161804199
12.616400957108,-5,-81.879661560059
12.634418010712,-5,-81.999008178711
12.652340888977,-5,-82.11971282959
12.66991686821,-5,-82.239776611328
12.688138008118,-5,-82.357444763184
12.704365968704,-5,-82.479225158691
12.720213890076,-5,-82.587905883789
12.736361980438,-5,-82.694519042969
12.752141952515,-5,-82.802642822266
12.767759084702,-5,-82.90869140625
12.783549070358,-5,-83.013290405273
12.799246072769,-5,-83.11922454834
12.816253900528,-5,-83.224426269531
12.833510875702,-5,-83.337707519531
12.851303100586,-5,-83.452903747559
12.869410037994,-5,-83.570983886719
12.886831045151,-5,-83.691398620605
12.904080867767,-5,-83.806571960449
12.921812057495,-5,-83.920425415039
12.939179897308,-5,-84.036750793457
12.956907987595,-5,-84.150543212891
12.974853038788,-5,-84.266136169434
12.992075920105,-5,-84.382522583008
13.009701967239,-5,-84.493591308594
13.029839992523,-5,-84.607521057129
13.0531270504,-5,-84.73649597168
13.073424100876,-5,-84.88353729248
13.091674089432,-5,-85.013328552246
13.110123872757,-5,-85.128791809082
13.12889790535,-5,-85.245643615723
13.147813081741,-5,-85.363327026367
13.171194076538,-5,-85.481330871582
13.189217090607,-5,-85.627365112305
13.206665992737,-5,-85.740310668945
13.223738908768,-5,-85.849159240723
13.24103307724,-5,-85.955581665039
13.25822687149,-5,-86.062889099121
13.275835990906,-5,-86.169425964355
13.29390501976,-5,-86.276733398438
13.311326980591,-5,-86.388534545898
13.328924894333,-5,-86.495376586914
13.346757888794,-5,-86.602989196777
13.364170074463,-5,-86.712104797363
13.381401062012,-5,-86.819229125977
13.399029016495,-5,-86.925354003906
13.416188955307,-5,-87.03385925293
13.433474063873,-5,-87.139251708984
13.451180934906,-5,-87.246185302734
13.468730926514,-5,-87.355735778809
13.486507892609,-5,-87.464477539063
13.504213094711,-5,-87.576057434082
13.521672010422,-5,-87.687225341797
13.544815063477,-5,-87.796058654785
13.562191009521,-5,-87.941116333008
13.579632997513,-5,-88.050392150879
13.597030878067,-5,-88.159774780273
13.614737033844,-5,-88.26904296875
13.632095098495,-5,-88.379997253418
13.649189949036,-5,-88.48900604248
13.666681051254,-5,-88.596237182617
13.684015989304,-5,-88.706001281738
13.70198392868,-5,-88.814872741699
13.719506978989,-5,-88.927108764648
13.736737012863,-5,-89.037124633789
13.753992080688,-5,-89.145057678223
13.771744012833,-5,-89.25309753418
13.789146900177,-5,-89.364303588867
13.806369066238,-5,-89.473564147949
13.824078083038,-5,-89.581565856934
13.841403961182,-5,-89.692710876465
13.858881950378,-5,-89.800888061523
13.876271009445,-5,-89.910308837891
13.894627094269,-5,-90.019111633301
13.921403884888,-5,-90.132141113281
13.943312883377,-5,-90.330368041992
13.964308977127,-5,-90.468032836914
13.986511945724,-5,-90.59928894043
14.010652065277,-5,-90.738037109375
14.033967018127,-5,-90.889793395996
14.057651042938,-5,-91.036758422852
14.081432104111,-5,-91.185752868652
14.103987932205,-5,-91.335624694824
14.123414993286,-5,-91.478561401367
14.143387079239,-5,-91.601104736328
14.163884878159,-5,-91.72721862793
14.184624910355,-5,-91.856811523438
14.20494389534,-5,-91.988098144531
14.223664999008,-5,-92.116981506348
14.241369962692,-5,-92.235992431641
14.259407997131,-5,-92.348487854004
14.277914047241,-5,-92.463119506836
14.295763969421,-5,-92.580749511719
14.313649892807,-5,-92.694709777832
14.331993103027,-5,-92.808525085449
14.350161075592,-5,-92.925689697266
14.368335962296,-5,-93.041511535645
14.38608789444,-5,-93.157752990723
14.402468919754,-5,-93.271324157715
14.419005870819,-5,-93.376510620117
14.436392068863,-5,-93.482620239258
14.452517986298,-5,-93.59407043457
14.470244884491,-5,-93.697692871094
14.487780094147,-5,-93.811515808105
14.504640102386,-5,-93.924438476563
14.52202296257,-5,-94.032958984375
14.53914809227,-5,-94.145286560059
14.556528091431,-5,-94.255546569824
14.574378013611,-5,-94.367691040039
14.592133045197,-5,-94.481895446777
14.609283924103,-5,-94.597457885742
14.626152992249,-5,-94.708518981934
14.643236875534,-5,-94.817916870117
14.660645961761,-5,-94.928314208984
14.678250074387,-5,-95.04133605957
14.695915937424,-5,-95.155311584473
14.713829040527,-5,-95.269737243652
14.731116056442,-5,-95.38712310791
14.748673915863,-5,-95.498550415039
14.771514892578,-5,-95.612854003906
14.789076089859,-5,-95.763687133789
14.806511878967,-5,-95.877723693848
14.823884963989,-5,-95.992164611816
14.841378927231,-5,-96.106636047363
14.864701032639,-5,-96.222198486328
14.88182592392,-5,-96.377098083496
14.898984909058,-5,-96.490242004395
14.917051076889,-5,-96.603698730469
14.934415102005,-5,-96.723770141602
14.952261924744,-5,-96.839515686035
14.969537973404,-5,-96.958877563477
14.9865899086,-5,-97.074249267578
15.003958940506,-5,-97.188438415527
15.021768093109,-5,-97.304626464844
15.040528059006,-5,-97.424186706543
15.057936906815,-5,-97.550888061523
15.080022096634,-5,-97.668655395508
15.098061084747,-5,-97.816024780273
15.117366075516,-5,-97.940170288086
15.137588977814,-5,-98.071311950684
15.157669067383,-5,-98.209617614746
15.181158065796,-5,-98.346229553223
15.204262971878,-5,-98.507110595703
15.228478908539,-5,-98.664970397949
15.252404928207,-5,-98.833450317383
15.273861885071,-5,-98.998336791992
15.299459934235,-5,-99.147003173828
15.32057094574,-5,-99.322761535645
15.340497016907,-5,-99.46989440918
15.361348867416,-5,-99.608459472656
15.381360054016,-5,-99.752563476563
15.401973009109,-5,-99.891075134277
15.421844959259,-5,-100.0330581665
15.440104961395,-5,-100.16989135742
15.457779884338,-5,-100.29651641846
15.475327968597,-5,-100.41835021973
15.493088006973,-5,-100.53939056396
15.51109790802,-5,-100.66159820557
15.528892993927,-5,-100.78515625
15.546312093735,-5,-100.90743255615
15.564049005508,-5,-101.02699279785
15.581763029099,-5,-101.14860534668
15.599849939346,-5,-101.27011108398
15.616332054138,-5,-101.39379882813
15.632217884064,-5,-101.50759124756
15.647840023041,-5,-101.61647796631
15.663600921631,-5,-101.72348022461
15.679851055145,-5,-101.83120727539
15.697510004044,-5,-101.94246673584
15.715440034866,-5,-102.06369018555
15.733043909073,-5,-102.18623352051
15.750629901886,-5,-102.3073425293
15.768481969833,-5,-102.42747497559
15.786419868469,-5,-102.54986572266
15.803931951523,-5,-102.67280578613
15.821310043335,-5,-102.79244232178
15.838955879211,-5,-102.91174316406
15.856880903244,-5,-103.03235626221
15.874568939209,-5,-103.15483856201
15.892069101334,-5,-103.2756652832
15.909869909286,-5,-103.395362854
15.927870035172,-5,-103.51683807373
15.945755004883,-5,-103.63970947266
15.963643074036,-5,-103.76198577881
15.985574960709,-5,-103.88407897949
16.003505945206,-5,-104.03382110596
16.021537065506,-5,-104.15625762939
16.039942026138,-5,-104.27892303467
16.06588602066,-5,-104.40477752686
16.083590984344,-5,-104.58441925049
16.101507902145,-5,-104.70735168457
16.119168996811,-5,-104.83223724365
16.149739980698,-5,-104.95636749268
16.16778087616,-5,-105.08280181885
16.185685873032,-5,-105.36457061768
16.203453063965,-5,-105.4931640625
16.221059083939,-5,-105.62112426758
16.239470005035,-5,-105.74755096436
16.257171869278,-5,-105.88108825684
16.274864912033,-5,-106.01007080078
16.296092987061,-5,-106.13961029053
16.316540002823,-5,-106.29508209229
16.337244033813,-5,-106.44454956055
16.358047962189,-5,-106.59777832031
16.378619909286,-5,-106.75255584717
16.399383068085,-5,-106.9056854248
16.419481992722,-5,-107.05572509766
16.439513921738,-5,-107.21185302734
16.459742069244,-5,-107.36254882813
16.479568958282,-5,-107.51533508301
16.49928188324,-5,-107.66555023193
16.519134044647,-5,-107.81530761719
16.539347887039,-5,-107.96686553955
16.559298038483,-5,-108.12144470215
16.579231023788,-5,-108.27502441406
16.597049951553,-5,-108.42972564697
16.614670038223,-5,-108.56788635254
16.633310079575,-5,-108.70494842529
16.65089392662,-5,-108.85028839111
16.668204069138,-5,-108.98808288574
16.686074018478,-5,-109.12370300293
16.70386505127,-5,-109.26409912109
16.722081899643,-5,-109.4047088623
16.740030050278,-5,-109.54858398438
16.757862091064,-5,-109.6911239624
16.775364875793,-5,-109.83325195313
16.793566942215,-5,-109.97328948975
16.809906005859,-5,-110.11921691895
16.826745986938,-5,-110.25120544434
16.842804908752,-5,-110.38682556152
16.85911989212,-5,-110.5168838501
16.876863956451,-5,-110.64836883545
16.89328289032,-5,-110.79180908203
16.910713911057,-5,-110.9248046875
16.928222894669,-5,-111.06606292725
16.94643497467,-5,-111.20793914795
16.964305877686,-5,-111.35486602783
16.982028007507,-5,-111.5001373291
17.000181913376,-5,-111.64402770996
17.018445968628,-5,-111.79123687744
17.036338090897,-5,-111.94019317627
17.054291963577,-5,-112.08619689941
17.072313070297,-5,-112.23309326172
17.090754032135,-5,-112.38089752197
17.10907793045,-5,-112.53284454346
17.127103090286,-5,-112.68385314941
17.145047903061,-5,-112.83329772949
17.163035869598,-5,-112.98255157471
17.180933952332,-5,-113.13257598877
17.199012994766,-5,-113.28221893311
17.217292070389,-5,-113.43362426758
17.235456943512,-5,-113.58811187744
17.25340294838,-5,-113.74172210693
17.271461963654,-5,-113.893699646
17.289536952972,-5,-114.04635620117
17.307882070541,-5,-114.1995010376
17.326227903366,-5,-114.35527801514
17.344634056091,-5,-114.51363372803
17.364427089691,-5,-114.66957092285
17.38823390007,-5,-114.84150695801
17.408313989639,-5,-115.04614257813
17.428253889084,-5,-115.2193145752
17.448031902313,-5,-115.39167022705
17.467530012131,-5,-115.56256103516
17.485138893127,-5,-115.73210906982
17.502763986588,-5,-115.88507843018
17.520364046097,-5,-116.03826904297
17.538614988327,-5,-116.19184875488
17.556354045868,-5,-116.35083007813
17.574110031128,-5,-116.50624847412
17.59165096283,-5,-116.66164398193
17.609261035919,-5,-116.81554412842
17.62711596489,-5,-116.96975708008
17.644926071167,-5,-117.12533569336
17.662137031555,-5,-117.28062438965
17.679614067078,-5,-117.43058776855
17.697542905807,-5,-117.58186340332
17.715380907059,-5,-117.73735809326
17.733623027802,-5,-117.89127349854
17.751554965973,-5,-118.04887390137
17.769464969635,-5,-118.2038192749
17.787467956543,-5,-118.35800933838
17.805166959763,-5,-118.51333618164
17.822527885437,-5,-118.66552734375
17.840128898621,-5,-118.81498718262
17.858180999756,-5,-118.96607208252
17.876008987427,-5,-119.12113952637
17.893889904022,-5,-119.27364349365
17.91141295433,-5,-119.42675018311
17.928802967072,-5,-119.57669067383
17.946368932724,-5,-119.72508239746
17.964479923248,-5,-119.87454223633
17.982131004333,-5,-120.02825927734
17.999809026718,-5,-120.17771911621
18.0173869133,-5,-120.32697296143
18.03510594368,-5,-120.47484588623
18.052972078323,-5,-120.62352752686
18.070859909058,-5,-120.77290344238
18.088548898697,-5,-120.92211151123
18.10645699501,-5,-121.069480896
18.124351978302,-5,-121.21835327148
18.142003059387,-5,-121.3677444458
18.159636974335,-5,-121.51499938965
18.177368879318,-5,-121.66223144531
18.194964885712,-5,-121.81066894531
18.212615013123,-5,-121.95849609375
18.230242967606,-5,-122.10705566406
18.247960090637,-5,-122.25588226318
18.265793085098,-5,-122.40615081787
18.284008026123,-5,-122.55735778809
18.301552057266,-5,-122.71309661865
18.319640874863,-5,-122.86319732666
18.337620973587,-5,-123.018409729
18.360229969025,-5,-123.17330169678
18.378356933594,-5,-123.36779785156
18.396266937256,-5,-123.52391052246
18.416250944138,-5,-123.67805480957
18.437238931656,-5,-123.84745788574
18.457560062408,-5,-124.02754211426
18.477850914001,-5,-124.20119476318
18.497988939285,-5,-124.37442016602
18.518856048584,-5,-124.54420471191
18.538989067078,-5,-124.72447967529
18.559127092361,-5,-124.89687347412
18.579359054565,-5,-125.06977081299
18.600105047226,-5,-125.24306488037
18.62287902832,-5,-125.42260742188
18.644592046738,-5,-125.61693572998
18.666136980057,-5,-125.80683135986
18.687238931656,-5,-125.99301147461
18.707273006439,-5,-126.17657470703
18.727427959442,-5,-126.35037994385
18.748311042786,-5,-126.52486419678
18.766233921051,-5,-126.70643615723
18.783847093582,-5,-126.86187744141
18.802007913589,-5,-127.01377868652
18.820288896561,-5,-127.17092895508
18.838361978531,-5,-127.32866668701
18.856072902679,-5,-127.48483276367
18.874191999435,-5,-127.63768005371
18.892445087433,-5,-127.79421234131
18.910688877106,-5,-127.9518661499
18.928540945053,-5,-128.11053466797
18.947609901428,-5,-128.26536560059
18.968178987503,-5,-128.43061828613
18.988835096359,-5,-128.61000061035
19.008995056152,-5,-128.78974914551
19.029282093048,-5,-128.96589660645
19.049561023712,-5,-129.14338684082
19.070399999619,-5,-129.32109069824
19.090334892273,-5,-129.5036315918
19.109560012817,-5,-129.67866516113
19.1271879673,-5,-129.84814453125
19.144816875458,-5,-130.0033416748
19.162852048874,-5,-130.15870666504
19.180682897568,-5,-130.31852722168
19.198529958725,-5,-130.47570800781
19.216080904007,-5,-130.63389587402
19.233831882477,-5,-130.78860473633
19.251753091812,-5,-130.94499206543
19.269994020462,-5,-131.10263061523
19.287672042847,-5,-131.2621307373
19.305360078812,-5,-131.41653442383
19.323045969009,-5,-131.57000732422
19.340926885605,-5,-131.72392272949
19.359042882919,-5,-131.87855529785
19.376817941666,-5,-132.03602600098
19.394430875778,-5,-132.19032287598
19.412321090698,-5,-132.34390258789
19.430239915848,-5,-132.49967956543
19.447630882263,-5,-132.6558380127
19.465101003647,-5,-132.80746459961
19.483165979385,-5,-132.96046447754
19.500889062881,-5,-133.11915588379
19.518872022629,-5,-133.27439880371
19.536458969116,-5,-133.43257141113
19.55397605896,-5,-133.58753967285
19.57185292244,-5,-133.74194335938
19.590158939362,-5,-133.8998260498
19.608005046844,-5,-134.06071472168
19.625881910324,-5,-134.21786499023
19.643826007843,-5,-134.37535095215
19.661923885345,-5,-134.53399658203
19.680021047592,-5,-134.69493103027
19.698338985443,-5,-134.85614013672
19.716351032257,-5,-135.01945495605
19.735239982605,-5,-135.18101501465
19.755867958069,-5,-135.349609375
19.776669979095,-5,-135.53497314453
19.797537088394,-5,-135.72216796875
19.818078994751,-5,-135.91087341309
19.838660955429,-5,-136.09706115723
19.858965873718,-5,-136.28408813477
19.879354000092,-5,-136.46966552734
19.898168087006,-5,-136.65629577637
19.916250944138,-5,-136.83020019531
19.934365987778,-5,-136.9970703125
19.952564001083,-5,-137.16455078125
19.970599889755,-5,-137.33406066895
19.988703012466,-5,-137.50225830078
20.006552934647,-5,-137.67202758789
20.024691104889,-5,-137.83969116211
20.042675018311,-5,-138.01127624512
20.060393095016,-5,-138.18138122559
20.078778028488,-5,-138.35041809082
20.097420930862,-5,-138.52597045898
20.115911006927,-5,-138.70439147949
20.134742975235,-5,-138.88262939453
20.153409004211,-5,-139.064453125
20.170883893967,-5,-139.24633789063
20.188426017761,-5,-139.41706848145
20.206727027893,-5,-139.58856201172
20.225442886353,-5,-139.76763916016
20.243344068527,-5,-139.95248413086
20.261167049408,-5,-140.1297454834
20.279118061066,-5,-140.3067779541
20.297213077545,-5,-140.48515319824
20.314770936966,-5,-140.66619873047
20.332383871078,-5,-140.8424987793
20.35064291954,-5,-141.01988220215
20.369750022888,-5,-141.2038269043
20.389862060547,-5,-141.39768981934
20.415632009506,-5,-141.60005187988
20.439543962479,-5,-141.86511230469
20.466556072235,-5,-142.11051940918
20.49323797226,-5,-142.38975524902
20.523776054382,-5,-142.66610717773
20.555099010468,-5,-142.9857635498
20.587509870529,-5,-143.3162689209
20.618954896927,-5,-143.65928649902
20.651047945023,-5,-143.99563598633
20.685119867325,-5,-144.33923339844
20.717206001282,-5,-144.70712280273
20.748560905457,-5,-145.05606079102
20.779974937439,-5,-145.39297485352
20.806221008301,-5,-145.71798706055
20.830941915512,-5,-145.98657226563
20.85261797905,-5,-146.23583984375
20.874096870422,-5,-146.4543762207
20.895102977753,-5,-146.67010498047
20.916140079498,-5,-146.88067626953
20.935421943665,-5,-147.09118652344
20.954292058945,-5,-147.28579711914
20.973052024841,-5,-147.47508239746
20.996701002121,-5,-147.6640625
21.018225908279,-5,-147.9012298584
21.039726018906,-5,-148.11750793457
21.060584068298,-5,-148.33518981934
21.084620952606,-5,-148.54600524902
21.109572887421,-5,-148.78857421875
21.134358882904,-5,-149.04209899902
21.159003973007,-5,-149.29486083984
21.183290958405,-5,-149.5470123291
21.205930948257,-5,-149.7957611084
21.226940870285,-5,-150.02899169922
21.247580051422,-5,-150.24641418457
21.268929004669,-5,-150.45938110352
21.291526079178,-5,-150.67961120605
21.312263965607,-5,-150.91491699219
21.333554029465,-5,-151.13035583496
21.353756904602,-5,-151.35237121582
21.374962091446,-5,-151.56298828125
21.395169973373,-5,-151.78546142578
21.416202068329,-5,-151.99739074707
21.437073945999,-5,-152.21850585938
21.458288908005,-5,-152.4382019043
21.479320049286,-5,-152.66204833984
21.500370025635,-5,-152.8840637207
21.519447088242,-5,-153.10659790039
21.541013002396,-5,-153.30867004395
21.56125998497,-5,-153.53713989258
21.582844018936,-5,-153.75212097168
21.6038210392,-5,-153.98207092285
21.624886035919,-5,-154.20568847656
21.643399000168,-5,-154.4317779541
21.66134595871,-5,-154.63012695313
21.683758974075,-5,-154.82220458984
21.713702917099,-5,-155.06369018555
21.735167980194,-5,-155.37782287598
21.756699085236,-5,-155.61750793457
21.778403043747,-5,-155.85140991211
21.797131061554,-5,-156.08714294434
21.816025972366,-5,-156.29145812988
21.834671020508,-5,-156.49728393555
21.852557897568,-5,-156.70097351074
21.871115922928,-5,-156.89622497559
21.88907790184,-5,-157.0993347168
21.907609939575,-5,-157.29632568359
21.92526102066,-5,-157.50003051758
21.943291902542,-5,-157.6947479248
21.961369991302,-5,-157.89335632324
21.979002952576,-5,-158.09259033203
21.996191978455,-5,-158.28826904297
22.013953924179,-5,-158.47830200195
22.031605958939,-5,-158.67535400391
22.049601078033,-5,-158.87168884277
22.067162036896,-5,-159.07093811035
22.084578037262,-5,-159.26658630371
22.10214304924,-5,-159.46047973633
22.121429920197,-5,-159.65664672852
22.140291929245,-5,-159.87007141113
22.159388065338,-5,-160.08157348633
22.178165912628,-5,-160.29475402832
22.198301076889,-5,-160.50538635254
22.223866939545,-5,-160.73100280762
22.246068954468,-5,-161.01753234863
22.266297101974,-5,-161.26818847656
22.286478996277,-5,-161.4976348877
22.306868076324,-5,-161.72547912598
22.325747966766,-5,-161.95692443848
22.34373998642,-5,-162.17196655273
22.361973047256,-5,-162.37670898438
22.379551887512,-5,-162.58393859863
22.396867036819,-5,-162.78472900391
22.414350032806,-5,-162.98240661621
22.432067871094,-5,-163.18263244629
22.450347900391,-5,-163.38552856445
22.467886924744,-5,-163.59535217285
22.485369920731,-5,-163.79733276367
22.502878904343,-5,-163.99855041504
22.520407915115,-5,-164.20118713379
22.53804397583,-5,-164.40399169922
22.556087017059,-5,-164.6079864502
22.573776960373,-5,-164.81721496582
22.591516017914,-5,-165.02284240723
22.609323978424,-5,-165.22930908203
22.626945018768,-5,-165.43653869629
22.644525051117,-5,-165.6421661377
22.663135051727,-5,-165.84768676758
22.680792093277,-5,-166.06561279297
22.698376893997,-5,-166.27229309082
22.71636390686,-5,-166.47845458984
22.73473405838,-5,-166.68957519531
22.755778074265,-5,-166.90464782715
22.776354074478,-5,-167.15161132813
22.796827077866,-5,-167.39364624023
22.816837072372,-5,-167.63485717773
22.837050914764,-5,-167.87026977539
22.85694694519,-5,-168.1091003418
22.877218961716,-5,-168.34403991699
22.897109031677,-5,-168.5841217041
22.914828062057,-5,-168.82000732422
22.932408094406,-5,-169.03099060059
22.949625015259,-5,-169.23991394043
22.966834068298,-5,-169.44473266602
22.984644889832,-5,-169.65010070801
23.002397060394,-5,-169.86265563965
23.019953012466,-5,-170.07385253906
23.037082910538,-5,-170.28434753418
23.054403066635,-5,-170.48956298828
23.07191991806,-5,-170.697265625
23.090491056442,-5,-170.90742492676
23.108515977859,-5,-171.13088989258
23.126157999039,-5,-171.34800720215
23.144248962402,-5,-171.56086730957
23.162434101105,-5,-171.77908325195
23.180715084076,-5,-171.99906921387
23.200793027878,-5,-172.21980285645
23.223265886307,-5,-172.46211242676
23.247107982635,-5,-172.73497009277
23.270668029785,-5,-173.02502441406
23.293859958649,-5,-173.31278991699
23.314799070358,-5,-173.59672546387
23.335023880005,-5,-173.85427856445
23.355591058731,-5,-174.10168457031
23.375540971756,-5,-174.3543548584
23.396270036697,-5,-174.59921264648
23.419580936432,-5,-174.85432434082
23.439902067184,-5,-175.14166259766
23.459799051285,-5,-175.39231872559
23.480113983154,-5,-175.63818359375
23.498481035233,-5,-175.88948059082
23.516772985458,-5,-176.11735534668
23.534126996994,-5,-176.34397888184
23.551800966263,-5,-176.55972290039
23.569221973419,-5,-176.7799987793
23.587383985519,-5,-176.99688720703
23.60523891449,-5,-177.2229309082
23.623085975647,-5,-177.4462890625
23.640600919724,-5,-177.66976928711
23.658152103424,-5,-177.88938903809
23.676903009415,-5,-178.10981750488
23.694297075272,-5,-178.34478759766
23.712277889252,-5,-178.56398010254
23.730145931244,-5,-178.78971862793
23.74742603302,-5,-179.01649475098
23.764741897583,-5,-179.23487854004
23.782146930695,-5,-179.45349121094
23.799647092819,-5,-179.6745300293
23.816657066345,-5,-179.89643859863