0,-10,-0.4086227118969
0.023243188858032,-10,-0.83593499660492
0.048114061355591,-10,-1.2942117452621
0.076189041137695,-10,-1.7764723300934
0.1070921421051,-10,-2.302553653717
0.1398069858551,-10,-2.8926181793213
0.17268419265747,-10,-3.4926218986511
0.20294713973999,-10,-4.0839123725891
0.23183798789978,-10,-4.6095938682556
0.30807900428772,-10,-5.1136932373047
0.38351917266846,-10,-5.9694023132324
0.42861008644104,-10,-6.8011245727539
0.46191000938416,-10,-7.5660333633423
0.49685597419739,-10,-8.2570819854736
0.52455115318298,-10,-8.8657093048096
0.55102610588074,-10,-9.3906297683716
0.57800316810608,-10,-9.6497297286987
0.60238099098206,-10,-9.861665725708
0.62690901756287,-10,-10.031002998352
0.65496397018433,-10,-10.180549621582
0.68272709846497,-10,-10.328441619873
0.70757913589478,-10,-10.450472831726
0.73212718963623,-10,-10.536430358887
0.75776600837708,-10,-10.601236343384
0.78304505348206,-10,-10.650800704956
0.80694198608398,-10,-10.674899101257
0.83154010772705,-10,-10.671095848083
0.85579609870911,-10,-10.635057449341
0.87641716003418,-10,-10.564484596252
0.89659118652344,-10,-10.476886749268
0.91634702682495,-10,-10.368587493896
0.93627715110779,-10,-10.243263244629
0.95421695709229,-10,-10.09822177887
0.97209501266479,-10,-9.9520244598389
0.98990797996521,-10,-9.7936820983887
1.0092651844025,-10,-9.6198873519897
1.026556968689,-10,-9.415415763855
1.0440771579742,-10,-9.2210845947266
1.0612750053406,-10,-9.016529083252
1.0780510902405,-10,-8.8077993392944
1.098562002182,-10,-8.5953273773193
1.1192209720612,-10,-8.3247909545898
1.1382429599762,-10,-8.0425138473511
1.1580810546875,-10,-7.7757830619812
1.1771411895752,-10,-7.4918699264526
1.1967680454254,-10,-7.2141375541687
1.2163469791412,-10,-6.9224967956543
1.2361180782318,-10,-6.6276111602783
1.2553009986877,-10,-6.3263216018677
1.2736670970917,-10,-6.0313076972961
1.29327917099,-10,-5.7466807365417
1.3102550506592,-10,-5.4397621154785
1.3273921012878,-10,-5.1738181114197
1.344838142395,-10,-4.9051604270935
1.363028049469,-10,-4.631462097168
1.3807389736176,-10,-4.3439998626709
1.3985440731049,-10,-4.0671253204346
1.415342092514,-10,-3.7872612476349
1.4345149993896,-10,-3.5259041786194
1.4520320892334,-10,-3.2301332950592
1.4698271751404,-10,-2.9603786468506
1.4874541759491,-10,-2.690881729126
1.504791021347,-10,-2.4254450798035
1.5223109722137,-10,-2.1680500507355
1.5417041778564,-10,-1.9096055030823
1.559338092804,-10,-1.6303119659424
1.5767481327057,-10,-1.3798764944077
1.5947921276093,-10,-1.1386150121689
1.6133160591125,-10,-0.89313060045242
1.6299970149994,-10,-0.65354377031326
1.6473779678345,-10,-0.44382157921791
1.6658661365509,-10,-0.23118801414967
1.6832680702209,-10,-0.012121523730457
1.7004101276398,-10,0.18795689940453
1.7175920009613,-10,0.37445876002312
1.7348420619965,-10,0.55452388525009
1.7523131370544,-10,0.7275630235672
1.7696561813354,-10,0.89666247367859
1.7871270179749,-10,1.0545856952667
1.8043949604034,-10,1.2034367322922
1.8226721286774,-10,1.3425307273865
1.847855091095,-10,1.4783997535706
1.8654260635376,-10,1.6522563695908
1.8825891017914,-10,1.7607454061508
1.8997740745544,-10,1.8571454286575
1.916738986969,-10,1.9437491893768
1.9337141513824,-10,2.0187442302704
1.9503421783447,-10,2.0838630199432
1.9676790237427,-10,2.1375288963318
1.9849231243134,-10,2.1835145950317
2.0018141269684,-10,2.2196834087372
2.0188250541687,-10,2.2456114292145
2.0358021259308,-10,2.2635905742645
2.0525591373444,-10,2.2735893726349
2.0696330070496,-10,2.275671005249
2.0869600772858,-10,2.2708406448364
2.104474067688,-10,2.2584784030914
2.1279699802399,-10,2.2377018928528
2.1449630260468,-10,2.2006962299347
2.168044090271,-10,2.1669466495514
2.1853830814362,-10,2.1134498119354
2.2024509906769,-10,2.0668301582336
2.2196500301361,-10,2.0165905952454
2.2369930744171,-10,1.9608558416367
2.2613921165466,-10,1.8987677097321
2.2785561084747,-10,1.8053661584854
2.2959899902344,-10,1.7342346906662
2.3131551742554,-10,1.6575890779495
2.3301920890808,-10,1.5741696357727
2.3473281860352,-10,1.4853106737137
2.3642530441284,-10,1.392413020134
2.3810801506042,-10,1.2976024150848
2.3988289833069,-10,1.2004104852676
2.4154200553894,-10,1.0951759815216
2.4324049949646,-10,0.99449747800827
2.4495840072632,-10,0.88867276906967
2.4743840694427,-10,0.77937948703766
2.4911410808563,-10,0.61807215213776
2.5084021091461,-10,0.50620436668396
2.5253660678864,-10,0.3891296684742
2.5419881343842,-10,0.27311357855797
2.5589070320129,-10,0.15934376418591
2.5815069675446,-10,0.040789101272821
2.5989630222321,-10,-0.11889840662479
2.6163220405579,-10,-0.24227693676949
2.6334621906281,-10,-0.36544811725616
2.6504120826721,-10,-0.48733684420586
2.6675281524658,-10,-0.60771256685257
2.6846489906311,-10,-0.72846710681915
2.701651096344,-10,-0.84944319725037
2.7202210426331,-10,-0.96918433904648
2.7421140670776,-10,-1.1005299091339
2.7605001926422,-10,-1.2524008750916
2.7787191867828,-10,-1.378259062767
2.799751996994,-10,-1.5009433031082
2.8209121227264,-10,-1.641895532608
2.8425230979919,-10,-1.7810493707657
2.8663530349731,-10,-1.9201101064682
2.8966391086578,-10,-2.0691568851471
2.9291231632233,-10,-2.2515330314636
2.9590699672699,-10,-2.442262172699
2.9897589683533,-10,-2.6007537841797
3.0138239860535,-10,-2.7526836395264
3.0371510982513,-10,-2.8654389381409
3.0610289573669,-10,-2.9684085845947
3.0812540054321,-10,-3.0681674480438
3.1009600162506,-10,-3.148334980011
3.1210641860962,-10,-3.2218723297119
3.1386821269989,-10,-3.2926814556122
3.1566281318665,-10,-3.3515343666077
3.1742689609528,-10,-3.4075360298157
3.1915919780731,-10,-3.4589684009552
3.2086980342865,-10,-3.5056753158569
3.225790977478,-10,-3.5481104850769
3.2409090995789,-10,-3.5869410037994
3.2564570903778,-10,-3.6181585788727
3.2715511322021,-10,-3.6472089290619
3.2866740226746,-10,-3.6725835800171
3.3017430305481,-10,-3.6951470375061
3.3172931671143,-10,-3.714905500412
3.3328411579132,-10,-3.7324481010437
3.3482601642609,-10,-3.7470672130585
3.3638100624084,-10,-3.7585935592651
3.3795399665833,-10,-3.767005443573
3.3949410915375,-10,-3.772266626358
3.4123711585999,-10,-3.7742154598236
3.4292299747467,-10,-3.7728271484375
3.4463951587677,-10,-3.767688035965
3.4635989665985,-10,-3.7588350772858
3.488312959671,-10,-3.7466359138489
3.5051770210266,-10,-3.7245202064514
3.5223431587219,-10,-3.7058043479919
3.539932012558,-10,-3.6834180355072
3.5583951473236,-10,-3.6571314334869
3.5759131908417,-10,-3.6271572113037
3.5953249931335,-10,-3.5943620204926
3.6125650405884,-10,-3.5547497272491
3.6363580226898,-10,-3.5163142681122
3.6540100574493,-10,-3.4591944217682
3.671245098114,-10,-3.4132540225983
3.6891610622406,-10,-3.3658952713013
3.7066140174866,-10,-3.313812494278
3.7284979820251,-10,-3.2605085372925
3.7456071376801,-10,-3.1899256706238
3.7622799873352,-10,-3.1324815750122
3.7825500965118,-10,-3.0750460624695
3.8004071712494,-10,-3.0029594898224
3.8217389583588,-10,-2.9378287792206
3.8390610218048,-10,-2.8585691452026
3.8566970825195,-10,-2.7929682731628
3.8747961521149,-10,-2.7254986763
3.8927421569824,-10,-2.6555500030518
3.9111030101776,-10,-2.5857586860657
3.9294540882111,-10,-2.5137481689453
3.9490079879761,-10,-2.4423501491547
3.9685411453247,-10,-2.3656697273254
3.9891641139984,-10,-2.289755821228
4.0088930130005,-10,-2.2099530696869
4.0286891460419,-10,-2.1343653202057
4.0507941246033,-10,-2.0596692562103
4.0708870887756,-10,-1.9775787591934
4.0904500484467,-10,-1.9044266939163
4.1164541244507,-10,-1.8349522352219
4.1338591575623,-10,-1.7456914186478
4.1556041240692,-10,-1.6868891716003
4.1732330322266,-10,-1.6168348789215
4.1905961036682,-10,-1.5624235868454
4.2078981399536,-10,-1.5107392072678
4.2248849868774,-10,-1.4610761404037
4.2421391010284,-10,-1.4144556522369
4.2593929767609,-10,-1.3688191175461
4.2765619754791,-10,-1.3255437612534
4.2941009998322,-10,-1.2848308086395
4.3154950141907,-10,-1.2452849149704
4.3327221870422,-10,-1.1994295120239
4.3504340648651,-10,-1.1655479669571
4.3682141304016,-10,-1.133211016655
4.3852570056915,-10,-1.1031848192215
4.4024879932404,-10,-1.0775983333588
4.4197471141815,-10,-1.0547939538956
4.4368481636047,-10,-1.034343123436
4.4544429779053,-10,-1.0159097909927
4.4722270965576,-10,-0.99883365631104
4.4896399974823,-10,-0.98346608877182
4.5069050788879,-10,-0.97017347812653
4.5243201255798,-10,-0.95880943536758
4.5413310527802,-10,-0.94914919137955
4.5588681697845,-10,-0.94144070148468
4.5763900279999,-10,-0.93524503707886
4.5932309627533,-10,-0.93081331253052
4.6103301048279,-10,-0.92821443080902
4.6277461051941,-10,-0.92714858055115
4.6453230381012,-10,-0.92766696214676
4.6631441116333,-10,-0.92980682849884
4.6810741424561,-10,-0.93358927965164
4.6981360912323,-10,-0.93903315067291
4.7166171073914,-10,-0.94569236040115
4.7346751689911,-10,-0.95434260368347
4.7562551498413,-10,-0.96429532766342
4.7750940322876,-10,-0.97773969173431
4.7970650196075,-10,-0.99100124835968
4.8179311752319,-10,-1.0080291032791
4.8392720222473,-10,-1.0259555578232
4.8609211444855,-10,-1.0456817150116
4.8821041584015,-10,-1.0672008991241
4.9061460494995,-10,-1.0896847248077
4.9300990104675,-10,-1.1165374517441
4.9536430835724,-10,-1.1449394226074
4.9773380756378,-10,-1.1741272211075
5.0010499954224,-10,-1.2051242589951
5.0221900939941,-10,-1.2370384931564
5.0419809818268,-10,-1.266609787941
5.0616359710693,-10,-1.2947714328766
5.0810070037842,-10,-1.3234041929245
5.1008291244507,-10,-1.3519847393036
5.1206700801849,-10,-1.3818403482437
5.1380100250244,-10,-1.4121382236481
5.1554551124573,-10,-1.4388616085052
5.1750721931458,-10,-1.4653725624084
5.1951761245728,-10,-1.4964215755463
5.2127370834351,-10,-1.5280230045319
5.2317841053009,-10,-1.555725812912
5.2521371841431,-10,-1.5841705799103
5.2712280750275,-10,-1.6175587177277
5.2885689735413,-10,-1.647428393364
5.3055691719055,-10,-1.6744970083237
5.3225710391998,-10,-1.7007106542587
5.3393709659576,-10,-1.7267245054245
5.3560910224915,-10,-1.7521212100983
5.3729360103607,-10,-1.7771468162537
5.3905680179596,-10,-1.8019701242447
5.4083640575409,-10,-1.8274283409119
5.4258899688721,-10,-1.852919459343
5.4442510604858,-10,-1.8774229288101
5.4614701271057,-10,-1.9024655818939
5.4797580242157,-10,-1.925558924675
5.4970371723175,-10,-1.9492520093918
5.5150079727173,-10,-1.9713137149811
5.5323741436005,-10,-1.9933143854141
5.5496981143951,-10,-2.0141201019287
5.5669610500336,-10,-2.034059047699
5.5846300125122,-10,-2.0532002449036
5.609158039093,-10,-2.0718419551849
5.6263580322266,-10,-2.0970363616943
5.643627166748,-10,-2.1135580539703
5.6606771945953,-10,-2.1294054985046
5.6783151626587,-10,-2.1442358493805
5.6955649852753,-10,-2.158757686615
5.7127060890198,-10,-2.1721384525299
5.7301051616669,-10,-2.1846494674683
5.7533140182495,-10,-2.1964416503906
5.7761921882629,-10,-2.2108545303345
5.7973079681396,-10,-2.2235462665558
5.8184461593628,-10,-2.2341048717499
5.8394269943237,-10,-2.2433383464813
5.863037109375,-10,-2.2512574195862
5.8866560459137,-10,-2.2586932182312
5.9097850322723,-10,-2.2646026611328
5.9327709674835,-10,-2.2688868045807
5.952486038208,-10,-2.2717146873474
5.9716701507568,-10,-2.2730038166046
5.9904441833496,-10,-2.2732832431793
6.0101130008698,-10,-2.2726378440857
6.0292069911957,-10,-2.2710027694702
6.0487740039825,-10,-2.2684569358826
6.0669841766357,-10,-2.2648644447327
6.083976984024,-10,-2.2605631351471
6.1005601882935,-10,-2.2557420730591
6.1179890632629,-10,-2.2503244876862
6.1348960399628,-10,-2.2438850402832
6.1515910625458,-10,-2.2369105815887
6.1688311100006,-10,-2.2293713092804
6.1862239837646,-10,-2.2209331989288
6.2033460140228,-10,-2.2117741107941
6.2205121517181,-10,-2.2021272182465
6.2372980117798,-10,-2.1918482780457
6.2540051937103,-10,-2.1812801361084
6.2708730697632,-10,-2.1702396869659
6.2877600193024,-10,-2.1586604118347
6.3047230243683,-10,-2.1466648578644
6.3222379684448,-10,-2.1342711448669
6.3394141197205,-10,-2.1211018562317
6.3589949607849,-10,-2.1078522205353
6.375773191452,-10,-2.0923461914063
6.3928141593933,-10,-2.078839302063
6.4096820354462,-10,-2.0648677349091
6.4270851612091,-10,-2.0508480072021
6.4496231079102,-10,-2.0362129211426
6.4666111469269,-10,-2.016966342926
6.4839379787445,-10,-2.0023896694183
6.5007891654968,-10,-1.9874129295349
6.5174441337585,-10,-1.9727866649628
6.5344929695129,-10,-1.9583423137665
6.5514199733734,-10,-1.9435126781464
6.5686571598053,-10,-1.928973197937
6.5857601165771,-10,-1.9141439199448
6.6025881767273,-10,-1.8993338346481
6.6193389892578,-10,-1.8848876953125
6.6367990970612,-10,-1.8707216978073
6.6541881561279,-10,-1.8561296463013
6.6765840053558,-10,-1.8417339324951
6.6936609745026,-10,-1.823464512825
6.7157990932465,-10,-1.809842467308
6.7327721118927,-10,-1.7925510406494
6.7562131881714,-10,-1.7795959711075
6.7732281684875,-10,-1.7621001005173
6.7898969650269,-10,-1.7499182224274
6.8071610927582,-10,-1.7382600307465
6.8245871067047,-10,-1.7265663146973
6.8486371040344,-10,-1.7151230573654
6.8640611171722,-10,-1.699862241745
6.8815879821777,-10,-1.69062936306
6.899836063385,-10,-1.6805874109268
6.9180560112,-10,-1.6704543828964
6.9371650218964,-10,-1.6609555482864
6.9566819667816,-10,-1.6515511274338
6.9773659706116,-10,-1.6422834396362
6.9987471103668,-10,-1.6332298517227
7.0188071727753,-10,-1.6244152784348
7.0384321212769,-10,-1.61667573452
7.0655291080475,-10,-1.6096235513687
7.0856330394745,-10,-1.6005498170853
7.1057000160217,-10,-1.5945769548416
7.1317710876465,-10,-1.5891602039337
7.1505110263824,-10,-1.5828034877777
7.1676380634308,-10,-1.5789030790329
7.1852929592133,-10,-1.575808763504
7.2027661800385,-10,-1.5730234384537
7.2201130390167,-10,-1.5706877708435
7.2374501228333,-10,-1.5687705278397
7.254429101944,-10,-1.5672671794891
7.2717189788818,-10,-1.5661916732788
7.2894241809845,-10,-1.5654997825623
7.3065299987793,-10,-1.5651948451996
7.3238430023193,-10,-1.5652973651886
7.3411631584167,-10,-1.5657871961594
7.3582150936127,-10,-1.5666502714157
7.3756141662598,-10,-1.5678701400757
7.3929431438446,-10,-1.5694835186005
7.4099991321564,-10,-1.5714499950409
7.4275891780853,-10,-1.5737385749817
7.4450480937958,-10,-1.5764373540878
7.4620311260223,-10,-1.579464673996
7.4794270992279,-10,-1.5827407836914
7.4968099594116,-10,-1.5863970518112
7.5139310359955,-10,-1.5903676748276
7.531140089035,-10,-1.5945647954941
7.5568161010742,-10,-1.5990972518921
7.5739650726318,-10,-1.6073753833771
7.590968132019,-10,-1.6126309633255
7.6082420349121,-10,-1.6180530786514
7.6253151893616,-10,-1.6237852573395
7.6426069736481,-10,-1.6296492815018
7.6598901748657,-10,-1.6358088254929
7.677118062973,-10,-1.6422663927078
7.6945979595184,-10,-1.6488053798676
7.71231508255,-10,-1.6556012630463
7.7297470569611,-10,-1.6626597642899
7.7473921775818,-10,-1.6697466373444
7.7649459838867,-10,-1.6770629882813
7.7820930480957,-10,-1.6844724416733
7.7992401123047,-10,-1.6918141841888
7.8165781497955,-10,-1.6992433071136
7.8369121551514,-10,-1.7068208456039
7.8538851737976,-10,-1.7157725095749
7.870952129364,-10,-1.7233331203461
7.8902530670166,-10,-1.7309293746948
7.9078040122986,-10,-1.7395679950714
7.9301970005035,-10,-1.7474176883698
7.9473881721497,-10,-1.7574014663696
7.964143037796,-10,-1.7650982141495
7.9841980934143,-10,-1.7725712060928
8.0016820430756,-10,-1.7814005613327
8.0192561149597,-10,-1.7890957593918
8.037337064743,-10,-1.7967394590378
8.054591178894,-10,-1.8045117855072
8.0716490745544,-10,-1.8118488788605
8.0901820659637,-10,-1.8190126419067
8.1068270206451,-10,-1.8266421556473
8.123663187027,-10,-1.8333956003189
8.1440131664276,-10,-1.8401119709015
8.1613149642944,-10,-1.8480038642883
8.1784060001373,-10,-1.8545744419098
8.1972789764404,-10,-1.8610193729401
8.2146129608154,-10,-1.8679151535034
8.2368719577789,-10,-1.874063372612
8.2543649673462,-10,-1.8816512823105
8.2712500095367,-10,-1.8874292373657
8.2868931293488,-10,-1.8928196430206
8.3038740158081,-10,-1.8976460695267
8.3293051719666,-10,-1.9026839733124
8.3446850776672,-10,-1.9108421802521
8.3601751327515,-10,-1.9148977994919
8.3829011917114,-10,-1.9188059568405
8.3988561630249,-10,-1.9240938425064
8.4142999649048,-10,-1.9276357889175
8.4296271800995,-10,-1.9308784008026
8.4500551223755,-10,-1.9339056015015
8.4669370651245,-10,-1.9375599622726
8.4893410205841,-10,-1.9403400421143
8.5047371387482,-10,-1.9435663223267
8.5218091011047,-10,-1.9455847740173
8.5424461364746,-10,-1.9475700855255
8.5586831569672,-10,-1.9495768547058
8.5747380256653,-10,-1.9509292840958
8.5962681770325,-10,-1.9520515203476
8.6131851673126,-10,-1.9531186819077
8.6358880996704,-10,-1.953729391098
8.6516871452332,-10,-1.9540785551071
8.668909072876,-10,-1.9542047977448
8.6892821788788,-10,-1.9541198015213
8.7044689655304,-10,-1.9536627531052
8.7293310165405,-10,-1.9531718492508
8.7451770305634,-10,-1.9517955780029
8.7622480392456,-10,-1.9507846832275
8.78551197052,-10,-1.9494686126709
8.8033390045166,-10,-1.9472334384918
8.8208510875702,-10,-1.9453363418579
8.8385021686554,-10,-1.9432672262192
8.8566370010376,-10,-1.9409910440445
8.8770470619202,-10,-1.9384368658066
8.8943800926208,-10,-1.9352693557739
8.9174921512604,-10,-1.9324404001236
8.934858083725,-10,-1.9283146858215
8.9569580554962,-10,-1.9251211881638
8.9759271144867,-10,-1.9207335710526
8.9985711574554,-10,-1.9168971776962
9.0164461135864,-10,-1.9119670391083
9.0389029979706,-10,-1.9080358743668
9.0582630634308,-10,-1.902824640274
9.0763530731201,-10,-1.8982428312302
9.0955550670624,-10,-1.8939347267151
9.1177439689636,-10,-1.8892189264297
9.1377441883087,-10,-1.8836151361465
9.1571459770203,-10,-1.8785313367844
9.1745381355286,-10,-1.8735064268112
9.1972951889038,-10,-1.8690338134766
9.2141900062561,-10,-1.8629999160767
9.2308151721954,-10,-1.8585940599442
9.2506611347198,-10,-1.8542476892471
9.2674570083618,-10,-1.8490080833435
9.2908000946045,-10,-1.8446187973022
9.3082940578461,-10,-1.8383949995041
9.3253350257874,-10,-1.8338503837585
9.3426070213318,-10,-1.8294688463211
9.3599519729614,-10,-1.8250603675842
9.3844521045685,-10,-1.8206812143326
9.4019491672516,-10,-1.8144197463989
9.4257030487061,-10,-1.8101623058319
9.4455909729004,-10,-1.8043096065521
9.4652571678162,-10,-1.7995675802231
9.4847190380096,-10,-1.7950105667114
9.5039081573486,-10,-1.7906126976013
9.5236339569092,-10,-1.786431312561
9.5459051132202,-10,-1.7822097539902
9.5641469955444,-10,-1.7776042222977
9.582542181015,-10,-1.7740939855576
9.5998151302338,-10,-1.7706567049026
9.6167171001434,-10,-1.7676144838333
9.6337151527405,-10,-1.7648001909256
9.6506481170654,-10,-1.7620490789413
9.6678171157837,-10,-1.7593969106674
9.6903591156006,-10,-1.7568173408508
9.7075140476227,-10,-1.7533595561981
9.7242650985718,-10,-1.7509973049164
9.741837978363,-10,-1.7487508058548
9.7592930793762,-10,-1.7465273141861
9.7768630981445,-10,-1.744441986084
9.7943160533905,-10,-1.7424479722977
9.811772108078,-10,-1.7406303882599
9.8290410041809,-10,-1.7389644384384
9.8466351032257,-10,-1.7374733686447
9.8637630939484,-10,-1.7360818386078
9.8813309669495,-10,-1.7348716259003
9.9050710201263,-10,-1.7337964773178
9.922788143158,-10,-1.7324653863907
9.9409511089325,-10,-1.7317599058151
9.9583270549774,-10,-1.7311823368073
9.9763021469116,-10,-1.730792760849
9.9981570243835,-10,-1.7305438518524
10.016666173935,-10,-1.7303751707077
10.034878015518,-10,-1.7305026054382
10.054206132889,-10,-1.7307996749878
10.073446989059,-10,-1.7312655448914
10.092810153961,-10,-1.7319511175156
10.112904071808,-10,-1.7328261137009
10.132349014282,-10,-1.733905673027
10.151782989502,-10,-1.7351208925247
10.16886305809,-10,-1.7364993095398
10.185863018036,-10,-1.7378973960876
10.20396900177,-10,-1.7394033670425
10.221369028091,-10,-1.7411093711853
10.238556146622,-10,-1.7428601980209
10.255532026291,-10,-1.7446724176407
10.277661085129,-10,-1.7465808391571
10.294751167297,-10,-1.7491068840027
10.311765193939,-10,-1.7512722015381
10.328644037247,-10,-1.7535059452057
10.345668077469,-10,-1.7557935714722
10.362835168839,-10,-1.7581760883331
10.379678964615,-10,-1.7606732845306
10.396754026413,-10,-1.7632169723511
10.414102077484,-10,-1.7658373117447
10.437366962433,-10,-1.7685688734055
10.454506158829,-10,-1.7722052335739
10.471449136734,-10,-1.7750293016434
10.488937139511,-10,-1.7778521776199
10.505896091461,-10,-1.7806993722916
10.523231983185,-10,-1.7836371660233
10.540577173233,-10,-1.7865723371506
10.557681083679,-10,-1.7895513772964
10.574652194977,-10,-1.7925100326538
10.591305971146,-10,-1.7954417467117
10.607983112335,-10,-1.7983103990555
10.624363183975,-10,-1.8011521100998
10.641227006912,-10,-1.8039194345474
10.664240121841,-10,-1.8067016601563
10.681339979172,-10,-1.81028175354
10.698309183121,-10,-1.8130155801773
10.71521115303,-10,-1.8156728744507
10.732591152191,-10,-1.8182809352875
10.75021314621,-10,-1.8208975791931
10.767016172409,-10,-1.8235013484955
10.784063100815,-10,-1.82595038414
10.800830125809,-10,-1.8283663988113
10.824407100677,-10,-1.8306869268417
10.841350078583,-10,-1.8336759805679
10.858854055405,-10,-1.8358821868896
10.8758289814,-10,-1.8381000757217
10.892826080322,-10,-1.8401907682419
10.91005396843,-10,-1.8421926498413
10.926723003387,-10,-1.8441511392593
10.943758010864,-10,-1.8459477424622
10.961364984512,-10,-1.847728729248
10.984028100967,-10,-1.8494787216187
11.001175165176,-10,-1.8515485525131
11.018149137497,-10,-1.8531213998795
11.034765958786,-10,-1.8546152114868
11.051653146744,-10,-1.8559955358505
11.068884134293,-10,-1.8572974205017
11.089760065079,-10,-1.8585481643677
11.104904174805,-10,-1.8599088191986
11.121006011963,-10,-1.8609417676926
11.135890960693,-10,-1.8619822263718
11.152575016022,-10,-1.8629531860352
11.169584035873,-10,-1.8639438152313
11.18631196022,-10,-1.8648923635483
11.21058011055,-10,-1.8657656908035
11.226049184799,-10,-1.866735458374
11.242969989777,-10,-1.8697991371155
11.259849071503,-10,-1.8728010654449
11.277096033096,-10,-1.8756394386292
11.29419708252,-10,-1.8783986568451
11.311598062515,-10,-1.8810008764267
11.328948020935,-10,-1.8835203647614
11.346008062363,-10,-1.8859188556671
11.37066411972,-10,-1.8881824016571
11.387207984924,-10,-1.891063451767
11.409623146057,-10,-1.8929378986359
11.42462015152,-10,-1.8950552940369
11.439861059189,-10,-1.8964215517044
11.463227033615,-10,-1.8976644277573
11.478034973145,-10,-1.8992255926132
11.493663072586,-10,-1.9000761508942
11.509787082672,-10,-1.9008346796036
11.525254964828,-10,-1.9015055894852
11.544851064682,-10,-1.9020564556122
11.560549020767,-10,-1.9025173187256
11.577537059784,-10,-1.9027600288391
11.597831964493,-10,-1.9028062820435
11.613546133041,-10,-1.9025144577026
11.630493164063,-10,-1.9021663665771
11.65140414238,-10,-1.901673078537
11.668195962906,-10,-1.9008332490921
11.690611124039,-10,-1.9000988006592
11.705630064011,-10,-1.8988063335419
11.722653150558,-10,-1.897967338562
11.745419979095,-10,-1.8968862295151
11.763389110565,-10,-1.8951236009598
11.781826972961,-10,-1.8937138319016
11.803749084473,-10,-1.8921571969986
11.827741146088,-10,-1.8899579048157
11.852692127228,-10,-1.8872705698013
11.883376121521,-10,-1.8843413591385
11.909855127335,-10,-1.8804240226746
11.936189174652,-10,-1.8770767450333
11.962764978409,-10,-1.8737909793854
11.984457969666,-10,-1.8706109523773
12.00442814827,-10,-1.8682587146759
12.024463176727,-10,-1.8660329580307
12.044641971588,-10,-1.8636336326599
12.067108154297,-10,-1.8610727787018
12.086441040039,-10,-1.8581153154373
12.106189966202,-10,-1.8556747436523
12.125447034836,-10,-1.8532032966614
12.14467215538,-10,-1.8507977724075
12.162134170532,-10,-1.8483959436417
12.179462194443,-10,-1.8462561368942
12.196504116058,-10,-1.8441796302795
12.213720083237,-10,-1.8422024250031
12.23050403595,-10,-1.8402234315872
12.247471094131,-10,-1.8383246660233
12.264934062958,-10,-1.8364400863647
12.28201508522,-10,-1.8345910310745
12.298807144165,-10,-1.8328030109406
12.315457105637,-10,-1.8310884237289
12.332082986832,-10,-1.8295212984085
12.348492145538,-10,-1.8280766010284
12.365400075912,-10,-1.8266993761063
12.382053136826,-10,-1.8253568410873
12.398537158966,-10,-1.8241349458694
12.415678977966,-10,-1.822986125946
12.438913106918,-10,-1.8218009471893
12.456024169922,-10,-1.8200342655182
12.473613023758,-10,-1.8189218044281
12.490827083588,-10,-1.8178507089615
12.508421182632,-10,-1.8169188499451
12.526010990143,-10,-1.8160650730133
12.543066978455,-10,-1.8153117895126
12.560034036636,-10,-1.8146686553955
12.585139036179,-10,-1.8141337633133
12.602246046066,-10,-1.8130294084549
12.619237184525,-10,-1.8127517700195
12.636245965958,-10,-1.8125323057175
12.653016090393,-10,-1.8123540878296
12.66973400116,-10,-1.8121869564056
12.686602115631,-10,-1.8120157718658
12.703368186951,-10,-1.8118736743927
12.720263957977,-10,-1.8117759227753
12.737305164337,-10,-1.8116853237152
12.754028081894,-10,-1.8115910291672
12.771795034409,-10,-1.8115570545197
12.788928031921,-10,-1.8115451335907
12.811803102493,-10,-1.811595916748
12.828760147095,-10,-1.811513543129
12.851948976517,-10,-1.811630487442
12.869321107864,-10,-1.8116884231567
12.886432170868,-10,-1.81192445755
12.906938076019,-10,-1.8122100830078
12.924424171448,-10,-1.8125197887421
12.944982051849,-10,-1.8128817081451
12.961961984634,-10,-1.8132548332214
12.985804080963,-10,-1.8136525154114
13.003110170364,-10,-1.8139096498489
13.020239114761,-10,-1.8144390583038
13.038822174072,-10,-1.8150771856308
13.056441068649,-10,-1.8158159255981
13.073587179184,-10,-1.8166275024414
13.092933177948,-10,-1.8175774812698
13.110352993011,-10,-1.8186583518982
13.12822508812,-10,-1.819744348526
13.145807981491,-10,-1.8208700418472
13.163315057755,-10,-1.8219925165176
13.180946111679,-10,-1.8231019973755
13.198611974716,-10,-1.8242911100388
13.21604013443,-10,-1.8257129192352
13.233608961105,-10,-1.8272383213043
13.252336025238,-10,-1.8288880586624
13.269129991531,-10,-1.8307060003281
13.292582035065,-10,-1.8324109315872
13.309983968735,-10,-1.8345447778702
13.327073097229,-10,-1.8362821340561
13.344853162766,-10,-1.8379977941513
13.362464189529,-10,-1.8398076295853
13.379842042923,-10,-1.8416632413864
13.397276163101,-10,-1.8435273170471
13.415019989014,-10,-1.8454331159592
13.432557106018,-10,-1.8474128246307
13.450740098953,-10,-1.8493860960007
13.468836069107,-10,-1.8513995409012
13.486613035202,-10,-1.8534073829651
13.504408121109,-10,-1.8553909063339
13.522168159485,-10,-1.8573487997055
13.541260004044,-10,-1.8592373132706
13.561856031418,-10,-1.861087679863
13.58192896843,-10,-1.8629355430603
13.601799964905,-10,-1.8646131753922
13.626163005829,-10,-1.8661738634109
13.6443400383,-10,-1.8678665161133
13.662132024765,-10,-1.8692102432251
13.680360078812,-10,-1.8704113960266
13.699190139771,-10,-1.871481180191
13.718831062317,-10,-1.8723517656326
13.73965716362,-10,-1.8730894327164
13.761487007141,-10,-1.8736699819565
13.781627178192,-10,-1.874119758606
13.801122188568,-10,-1.8745542764664
13.820425033569,-10,-1.874973654747
13.837648153305,-10,-1.8753788471222
13.855022192001,-10,-1.8757593631744
13.872287988663,-10,-1.8760906457901
13.892091035843,-10,-1.8764486312866
13.911573171616,-10,-1.8768150806427
13.93120598793,-10,-1.8772304058075
13.950572967529,-10,-1.8776437044144
13.969840049744,-10,-1.8780504465103
13.98939204216,-10,-1.8784068822861
14.008852958679,-10,-1.8786727190018
14.028098106384,-10,-1.8788135051727
14.045490026474,-10,-1.8788043260574
14.062433958054,-10,-1.8787405490875
14.079198122025,-10,-1.8785887956619
14.095911979675,-10,-1.8783512115479
14.112675189972,-10,-1.877984046936
14.129570007324,-10,-1.8775826692581
14.146687984467,-10,-1.8771995306015
14.163417100906,-10,-1.8768159151077
14.180162191391,-10,-1.8764353990555
14.197206020355,-10,-1.8760635852814
14.214434146881,-10,-1.8757365942001
14.231361150742,-10,-1.8753892183304
14.248294115067,-10,-1.8750522136688
14.265658140182,-10,-1.8747324943542
14.282773017883,-10,-1.874404668808
14.301886081696,-10,-1.8742016553879
14.321877002716,-10,-1.8740808963776
14.340916156769,-10,-1.8740264177322
14.360243082047,-10,-1.874120593071
14.379592180252,-10,-1.8743755817413
14.400703191757,-10,-1.8745250701904
14.417775154114,-10,-1.8746042251587
14.435065984726,-10,-1.8747487068176
14.452205181122,-10,-1.8749433755875
14.469382047653,-10,-1.8751871585846
14.492829084396,-10,-1.8754398822784
14.509735107422,-10,-1.8755589723587
14.532627105713,-10,-1.8757045269012
14.550232172012,-10,-1.8756297826767
14.572630167007,-10,-1.8755745887756
14.589681148529,-10,-1.8750710487366
14.606534957886,-10,-1.8747980594635
14.623368024826,-10,-1.8745220899582
14.640081167221,-10,-1.8743501901627
14.657090187073,-10,-1.8742797374725
14.674020051956,-10,-1.8742759227753
14.690998077393,-10,-1.8744076490402
14.708158969879,-10,-1.8746507167816
14.725368976593,-10,-1.8749338388443
14.742694139481,-10,-1.8751907348633
14.760540008545,-10,-1.8753805160522
14.778248071671,-10,-1.8754029273987
14.797830104828,-10,-1.8753122091293
14.816944122314,-10,-1.8750232458115
14.83637213707,-10,-1.8747535943985
14.855746984482,-10,-1.8745110034943
14.880972146988,-10,-1.8744198083878
14.900788068771,-10,-1.8739445209503
14.923784017563,-10,-1.8734968900681
14.946437120438,-10,-1.8726447820663
14.970018148422,-10,-1.8719253540039
14.993002176285,-10,-1.8712384700775
15.014347076416,-10,-1.8705701828003
15.034417152405,-10,-1.8698074817657
15.054491996765,-10,-1.8690540790558
15.073470115662,-10,-1.8682124614716
15.093209981918,-10,-1.8672596216202
15.11227107048,-10,-1.8662559986115
15.130369186401,-10,-1.8652566671371
15.148144006729,-10,-1.8642146587372
15.165400028229,-10,-1.8631711006165
15.182072162628,-10,-1.8622336387634
15.199277162552,-10,-1.8614358901978
15.215898990631,-10,-1.860692858696
15.232671022415,-10,-1.860015630722
15.249368190765,-10,-1.859367609024
15.266137123108,-10,-1.8586950302124
15.28280711174,-10,-1.85799741745
15.300305128098,-10,-1.8573668003082
15.317464113235,-10,-1.8567622900009
15.334485054016,-10,-1.8562371730804
15.351953029633,-10,-1.855853676796
15.368818044662,-10,-1.8556498289108
15.384202003479,-10,-1.8555045127869
15.401360034943,-10,-1.855283498764
15.418282985687,-10,-1.8548865318298
15.435355186462,-10,-1.8544617891312
15.452203989029,-10,-1.8540300130844
15.468976020813,-10,-1.8536131381989
15.486351013184,-10,-1.8533029556274
15.503300189972,-10,-1.852996468544
15.520084142685,-10,-1.8526041507721
15.537180185318,-10,-1.8521764278412
15.55975818634,-10,-1.851750254631
15.576596975327,-10,-1.851137638092
15.593590974808,-10,-1.8509442806244
15.611483097076,-10,-1.8508876562119
15.629299163818,-10,-1.8509608507156
15.64693903923,-10,-1.8510955572128
15.664026021957,-10,-1.8512654304504
15.681349039078,-10,-1.8514405488968
15.698501110077,-10,-1.8517025709152
15.719602108002,-10,-1.852219581604
15.736647129059,-10,-1.8529502153397
15.75369310379,-10,-1.8538150787354
15.773636102676,-10,-1.85469186306
15.800101995468,-10,-1.8555829524994
15.817932128906,-10,-1.8562679290771
15.835479021072,-10,-1.8570911884308
15.853180170059,-10,-1.8579992055893
15.870548009872,-10,-1.8589642047882
15.887580156326,-10,-1.8598676919937
15.904592037201,-10,-1.860682964325
15.921315193176,-10,-1.8614691495895
15.937877178192,-10,-1.8622182607651
15.959989070892,-10,-1.8629785776138
15.977878093719,-10,-1.8638095855713
15.99564909935,-10,-1.8645696640015
16.013632059097,-10,-1.8653001785278
16.032430171967,-10,-1.86601126194
16.053073167801,-10,-1.8667446374893
16.070441007614,-10,-1.8674993515015
16.093482971191,-10,-1.868216753006
16.120061159134,-10,-1.8688812255859
16.138035058975,-10,-1.8693829774857
16.1556661129,-10,-1.8699434995651
16.173453092575,-10,-1.8705163002014
16.191653966904,-10,-1.8711054325104
16.213041067123,-10,-1.8716616630554
16.230026960373,-10,-1.8721171617508
16.247224092484,-10,-1.8725310564041
16.266769170761,-10,-1.8728736639023
16.283734083176,-10,-1.8731037378311
16.306720018387,-10,-1.8732109069824
16.324372053146,-10,-1.8727780580521
16.341780185699,-10,-1.872384428978
16.359749078751,-10,-1.8719567060471
16.377253055573,-10,-1.871453166008
16.39449095726,-10,-1.8710726499557
16.411936044693,-10,-1.8707619905472
16.429322957993,-10,-1.8704860210419
16.446652173996,-10,-1.8702839612961
16.464090108871,-10,-1.8701716661453
16.481908082962,-10,-1.8700914382935
16.507084131241,-10,-1.8699831962585
16.525819063187,-10,-1.8696156740189
16.54639005661,-10,-1.8695398569107
16.567558050156,-10,-1.8693876266479
16.588766098022,-10,-1.86922955513
16.608220100403,-10,-1.8690422773361
16.627277135849,-10,-1.868879199028
16.648545980453,-10,-1.8688824176788
16.671609163284,-10,-1.8688077926636
16.697262048721,-10,-1.8684544563293
16.717164039612,-10,-1.8680933713913
16.737203121185,-10,-1.8679341077805
16.761448144913,-10,-1.8676340579987
16.780879974365,-10,-1.8669147491455
16.800343990326,-10,-1.8664611577988
16.819211959839,-10,-1.865994811058
16.838500976563,-10,-1.8656086921692
16.85772895813,-10,-1.8652564287186
16.877012014389,-10,-1.8649445772171
16.896427154541,-10,-1.8649485111237
16.91485118866,-10,-1.8651514053345
16.933240175247,-10,-1.8655612468719
16.95058298111,-10,-1.8661884069443
16.967893123627,-10,-1.8669190406799
16.984738111496,-10,-1.8678193092346
17.001513957977,-10,-1.8688713312149
17.018560171127,-10,-1.8699586391449
17.03523516655,-10,-1.8710457086563
17.052961111069,-10,-1.8719925880432
17.072328090668,-10,-1.8729203939438
17.092244148254,-10,-1.8739681243896
17.111371994019,-10,-1.8749849796295
17.130755186081,-10,-1.8759434223175
17.149304151535,-10,-1.8768302202225
17.168683052063,-10,-1.8776159286499
17.188975095749,-10,-1.8782489299774
17.208127975464,-10,-1.878542304039
17.227158069611,-10,-1.8784167766571
17.246368169785,-10,-1.8780492544174
17.265242099762,-10,-1.8776445388794
17.284264087677,-10,-1.8773503303528
17.303534030914,-10,-1.8771973848343
17.322802066803,-10,-1.8771350383759
17.341933012009,-10,-1.8772304058075
17.362789154053,-10,-1.8774312734604
17.38247013092,-10,-1.877669095993
17.401324033737,-10,-1.8778516054153
17.42006111145,-10,-1.8780728578568
17.438587188721,-10,-1.8783428668976
17.45772600174,-10,-1.8785828351974
17.475414991379,-10,-1.8787689208984
17.491782188416,-10,-1.8789584636688
17.508529186249,-10,-1.879093170166
17.525643110275,-10,-1.8790882825851
17.542683124542,-10,-1.8790150880814
17.559848070145,-10,-1.878954410553
17.577067136765,-10,-1.8789010047913
17.600311040878,-10,-1.8788568973541
17.617402076721,-10,-1.8786605596542
17.634418964386,-10,-1.8786574602127
17.651036024094,-10,-1.8785994052887
17.667843103409,-10,-1.8785405158997
17.685009002686,-10,-1.8784878253937
17.701822042465,-10,-1.8782968521118
17.719261169434,-10,-1.8779723644257
17.737429141998,-10,-1.8775260448456
17.756154060364,-10,-1.8768631219864
17.777080059052,-10,-1.8760331869125
17.801230192184,-10,-1.8749032020569
17.825083017349,-10,-1.8733743429184
17.849673986435,-10,-1.8716241121292
17.874243974686,-10,-1.869536280632
17.898478984833,-10,-1.8676254749298
17.92501616478,-10,-1.8660920858383
17.947848081589,-10,-1.8644979000092
17.970682144165,-10,-1.8634526729584
17.993853092194,-10,-1.862540602684
18.01672410965,-10,-1.8618525266647
18.037799119949,-10,-1.8615820407867
18.057657003403,-10,-1.8616732358932
18.076986074448,-10,-1.8619717359543
18.094853162766,-10,-1.8623731136322
18.112665176392,-10,-1.86292719841
18.129902124405,-10,-1.8636049032211
18.146891117096,-10,-1.8642735481262
18.163657188416,-10,-1.8649191856384
18.180927038193,-10,-1.8655272722244
18.197174072266,-10,-1.8660641908646
18.2127161026,-10,-1.8664197921753
18.227710962296,-10,-1.8668156862259
18.24276804924,-10,-1.8672357797623
18.258326053619,-10,-1.8676003217697
18.273379087448,-10,-1.8678177595139
18.28924703598,-10,-1.8679397106171
18.305852174759,-10,-1.8679840564728
18.322532176971,-10,-1.8680521249771
18.339303016663,-10,-1.8683269023895
18.355775117874,-10,-1.8685712814331
18.372825145721,-10,-1.8687921762466
18.389513969421,-10,-1.8693035840988
18.406300067902,-10,-1.8700926303864
18.423096179962,-10,-1.8710235357285
18.440026044846,-10,-1.8720995187759
18.456748008728,-10,-1.8733265399933
18.480537176132,-10,-1.8746291399002
18.497660160065,-10,-1.8764181137085
18.514528989792,-10,-1.8777612447739
18.532533168793,-10,-1.8789794445038
18.550584077835,-10,-1.8803341388702
18.567921161652,-10,-1.8817420005798
18.585615158081,-10,-1.8830418586731
18.603088140488,-10,-1.8843628168106
18.627774000168,-10,-1.8857562541962
18.645358085632,-10,-1.8871941566467
18.662500143051,-10,-1.8883382081985
18.681420087814,-10,-1.8895081281662
18.699063062668,-10,-1.890748500824
18.720529079437,-10,-1.8918939828873
18.737375020981,-10,-1.8932485580444
18.75405216217,-10,-1.8944104909897
18.77481508255,-10,-1.8955065011978
18.7919921875,-10,-1.8967398405075
18.809327125549,-10,-1.8979687690735
18.827428102493,-10,-1.8990330696106
18.844110012054,-10,-1.8999440670013
18.861030101776,-10,-1.900689125061
18.880835056305,-10,-1.9013133049011
18.897718191147,-10,-1.9021785259247
18.915347099304,-10,-1.9031153917313
18.938039064407,-10,-1.9042322635651
18.955677986145,-10,-1.905522108078
18.975723028183,-10,-1.9065991640091
18.997449159622,-10,-1.907750248909
19.017640113831,-10,-1.9088839292526
19.039522171021,-10,-1.9098863601685
19.062930107117,-10,-1.9108242988586
19.089141130447,-10,-1.9115846157074
19.125633001328,-10,-1.9120253324509
19.14929318428,-10,-1.9112293720245
19.174121141434,-10,-1.9113373756409
19.199910163879,-10,-1.9112590551376
19.223881006241,-10,-1.9106392860413
19.246697187424,-10,-1.9097623825073
19.270891189575,-10,-1.909122467041
19.2972240448,-10,-1.9086053371429
19.321979045868,-10,-1.9080902338028
19.344639062881,-10,-1.9074745178223
19.368906974792,-10,-1.9066555500031
19.39679813385,-10,-1.905752658844
19.419825077057,-10,-1.9048705101013
19.443360090256,-10,-1.9044651985168
19.465723991394,-10,-1.904021024704
19.485450029373,-10,-1.9034229516983
19.505032062531,-10,-1.902881026268
19.526318073273,-10,-1.9022598266602
19.545876026154,-10,-1.9013414382935
19.565026044846,-10,-1.9004155397415
19.5818400383,-10,-1.899554848671
19.599209070206,-10,-1.8990309238434
19.616677045822,-10,-1.8986084461212
19.633952140808,-10,-1.898078083992
19.651245117188,-10,-1.8974548578262
19.668395996094,-10,-1.8966100215912
19.685096025467,-10,-1.8955761194229
19.701955080032,-10,-1.8946086168289
19.719467163086,-10,-1.8936079740524
19.736457109451,-10,-1.8924728631973
19.753190040588,-10,-1.8912724256516
19.770044088364,-10,-1.8899652957916
19.787173986435,-10,-1.8883726596832
19.803972959518,-10,-1.8865773677826
19.821012020111,-10,-1.8848668336868
19.839326143265,-10,-1.8831617832184
19.85800909996,-10,-1.881178021431
19.877150058746,-10,-1.8792876005173
19.896295070648,-10,-1.8776942491531
19.915210008621,-10,-1.8765796422958
19.934543132782,-10,-1.8758012056351
19.953778028488,-10,-1.8754466772079
19.972584962845,-10,-1.8753739595413
19.991764068604,-10,-1.8756383657455
20.011376142502,-10,-1.8761085271835
20.030284166336,-10,-1.8768929243088
20.049386024475,-10,-1.8779019117355
20.068467140198,-10,-1.8790780305862
20.087197065353,-10,-1.8803689479828
20.106055021286,-10,-1.881560087204
20.124948978424,-10,-1.8826749324799
20.143551111221,-10,-1.8838102817535
20.162863016129,-10,-1.8849897384644
20.181751966476,-10,-1.8863205909729
20.200522184372,-10,-1.8877196311951
20.217522144318,-10,-1.889320731163
20.235952138901,-10,-1.8910348415375
20.252870082855,-10,-1.8929208517075
20.270886182785,-10,-1.8946245908737
20.288290023804,-10,-1.8961755037308
20.305368185043,-10,-1.8974983692169
20.322483062744,-10,-1.8987963199615
20.339563131332,-10,-1.9000780582428
20.356498003006,-10,-1.901505947113
20.37365603447,-10,-1.9028865098953
20.390314102173,-10,-1.9041260480881
20.407515048981,-10,-1.9052639007568
20.424513101578,-10,-1.9064203500748
20.442241191864,-10,-1.907540678978
20.461730003357,-10,-1.9086334705353
20.481531143188,-10,-1.9096680879593
20.501250982285,-10,-1.9105478525162
20.521535158157,-10,-1.9112749099731
20.541315078735,-10,-1.9118586778641
20.560964107513,-10,-1.912345290184
20.580126047134,-10,-1.912739276886
20.599716186523,-10,-1.913022518158
20.619652986526,-10,-1.9130994081497
20.639935016632,-10,-1.9130959510803
20.659603118896,-10,-1.9130327701569
20.679527044296,-10,-1.9130020141602
20.698840141296,-10,-1.9128232002258
20.718458175659,-10,-1.9123711585999
20.738286972046,-10,-1.9115794897079
20.758628129959,-10,-1.9109615087509
20.780331134796,-10,-1.9106520414352
20.804079055786,-10,-1.9108629226685
20.828782081604,-10,-1.9113956689835
20.860274076462,-10,-1.9121369123459
20.885231018066,-10,-1.9128345251083
20.910042047501,-10,-1.9133483171463
20.934188127518,-10,-1.9129909276962
20.957643032074,-10,-1.9125983715057
20.981920003891,-10,-1.9122285842896
21.0037150383,-10,-1.9117406606674
21.023600101471,-10,-1.9111459255219
21.043292045593,-10,-1.9107389450073
21.063248157501,-10,-1.9105054140091
21.080254077911,-10,-1.9104157686234
21.098026037216,-10,-1.910596370697
21.115556001663,-10,-1.9111288785934
21.13303899765,-10,-1.9113211631775
21.15056014061,-10,-1.9111886024475
21.167646169662,-10,-1.9108550548553
21.185631990433,-10,-1.9103105068207
21.204100131989,-10,-1.9096057415009
21.222907066345,-10,-1.9087851047516
21.240790128708,-10,-1.9078325033188
21.258238077164,-10,-1.9069118499756
21.275307178497,-10,-1.9059861898422
21.292158126831,-10,-1.9052367210388
21.309214115143,-10,-1.9046399593353
21.327558040619,-10,-1.9039883613586
21.346496105194,-10,-1.9032673835754
21.366037130356,-10,-1.9025486707687
21.385322093964,-10,-1.902040719986
21.404378175735,-10,-1.9017798900604
21.42359995842,-10,-1.9014530181885
21.442507982254,-10,-1.9011400938034
21.461884975433,-10,-1.9009693861008
21.479926109314,-10,-1.9008622169495
21.49772310257,-10,-1.900768995285
21.515097141266,-10,-1.900514960289
21.533406972885,-10,-1.9001896381378
21.550502061844,-10,-1.899876832962
21.567270994186,-10,-1.8994063138962
21.584416151047,-10,-1.8988889455795
21.601438999176,-10,-1.8982360363007
21.618715047836,-10,-1.8974816799164
21.635524988174,-10,-1.8967949151993
21.653870105743,-10,-1.8962038755417
21.672067165375,-10,-1.8957453966141
21.694899082184,-10,-1.8953833580017
21.711981058121,-10,-1.8948497772217
21.728818178177,-10,-1.8945795297623
21.745725154877,-10,-1.8943018913269
21.762658119202,-10,-1.8938984870911
21.779675960541,-10,-1.8935159444809
21.802390098572,-10,-1.8932424783707
21.81968998909,-10,-1.8929883241653
21.836616039276,-10,-1.8931293487549
21.853832006454,-10,-1.8933761119843
21.87082695961,-10,-1.8937127590179
21.895320177078,-10,-1.8939582109451
21.912765026093,-10,-1.8942703008652
21.929900169373,-10,-1.8948847055435
21.946900129318,-10,-1.8954339027405
21.964164018631,-10,-1.8959122896194
21.981626987457,-10,-1.8966085910797
21.99854016304,-10,-1.8973013162613
22.015861034393,-10,-1.8978328704834
22.033002138138,-10,-1.8982319831848
22.055350065231,-10,-1.8985171318054
22.072654008865,-10,-1.8986693620682
22.089789152145,-10,-1.8989480733871
22.106809139252,-10,-1.8992917537689
22.124201059341,-10,-1.8996900320053
22.141518115997,-10,-1.9001572132111
22.158471107483,-10,-1.9007549285889
22.175551176071,-10,-1.9015345573425
22.192708969116,-10,-1.9024366140366
22.215471029282,-10,-1.9033789634705
22.233215093613,-10,-1.9045926332474
22.250799179077,-10,-1.9056926965714
22.268154144287,-10,-1.906720161438
22.285958051682,-10,-1.9076354503632
22.310321092606,-10,-1.9083530902863
22.334553003311,-10,-1.9091724157333
22.357638120651,-10,-1.9099589586258
22.380870103836,-10,-1.9106266498566
22.404289007187,-10,-1.9110713005066
22.43112206459,-10,-1.9112201929092
22.46365904808,-10,-1.9109066724777
22.489809989929,-10,-1.9093954563141
22.512573957443,-10,-1.9079419374466
22.536053180695,-10,-1.9067859649658
22.559157133102,-10,-1.9055287837982
22.618669986725,-10,-1.9041039943695
22.639032125473,-10,-1.8984723091125
22.658993005753,-10,-1.8948533535004
22.679090023041,-10,-1.8947868347168
22.698044061661,-10,-1.8954008817673
22.715968132019,-10,-1.8963758945465
22.734091043472,-10,-1.8974732160568
22.752202987671,-10,-1.898564696312
22.769555091858,-10,-1.8996609449387
22.786823987961,-10,-1.9007757902145
22.802057981491,-10,-1.9019854068756
22.81801700592,-10,-1.9030811786652
22.833297967911,-10,-1.90407538414
22.848354101181,-10,-1.9050832986832
22.863591194153,-10,-1.9062850475311
22.878807067871,-10,-1.9076136350632
22.894236087799,-10,-1.90895819664
22.909790992737,-10,-1.9103555679321
22.925462961197,-10,-1.9118603467941
22.942389965057,-10,-1.9134744405746
22.959475040436,-10,-1.9151830673218
22.976485013962,-10,-1.9169633388519
22.993611097336,-10,-1.9188779592514
23.010504007339,-10,-1.9209824800491
23.027606010437,-10,-1.9232783317566
23.044456958771,-10,-1.9258283376694
23.061230182648,-10,-1.9285014867783
23.078514099121,-10,-1.9312413930893
23.096836090088,-10,-1.9341369867325
23.122853040695,-10,-1.936780333519
23.141162157059,-10,-1.9392040967941
23.161942958832,-10,-1.9406642913818
23.178797006607,-10,-1.9422410726547
23.195963144302,-10,-1.9435259103775
23.213823080063,-10,-1.9446474313736
23.232074022293,-10,-1.9456219673157
23.250284194946,-10,-1.9463753700256
23.267443180084,-10,-1.9469941854477
23.285958051682,-10,-1.9474763870239
23.30345416069,-10,-1.9474942684174
23.32071518898,-10,-1.9473208189011
23.337542057037,-10,-1.9470520019531
23.354921102524,-10,-1.9467025995255
23.375777959824,-10,-1.9462308883667
23.392554044724,-10,-1.9454644918442
23.409218072891,-10,-1.9449013471603
23.429696083069,-10,-1.9441784620285
23.44704413414,-10,-1.9429007768631
23.464504957199,-10,-1.9417601823807
23.482401132584,-10,-1.9405977725983
23.499027967453,-10,-1.9395779371262
23.515607118607,-10,-1.9386763572693
23.536091089249,-10,-1.9377983808517
23.553138017654,-10,-1.9369647502899
23.570563077927,-10,-1.9365241527557
23.587545156479,-10,-1.9362069368362
23.604348182678,-10,-1.9358299970627
23.621160030365,-10,-1.9351726770401
23.637899160385,-10,-1.9342558383942
23.655733108521,-10,-1.9332256317139
23.673024177551,-10,-1.9320578575134
23.696038007736,-10,-1.9309043884277
23.713502168655,-10,-1.9290763139725
23.730929136276,-10,-1.9278786182404
23.748450994492,-10,-1.9268860816956
23.767785072327,-10,-1.9259719848633
23.786477088928,-10,-1.9250007867813
23.806133985519,-10,-1.9244092702866
23.82581615448,-10,-1.9239166975021
23.845862150192,-10,-1.9235608577728
23.865262031555,-10,-1.9230796098709
23.884679079056,-10,-1.9224766492844
23.904128074646,-10,-1.9217795133591
23.92467713356,-10,-1.9208945035934
23.943778991699,-10,-1.9198019504547
23.961999177933,-10,-1.9187343120575
23.979341030121,-10,-1.9177306890488
23.99641919136,-10,-1.9168194532394
24.016793012619,-10,-1.9158848524094
24.035570144653,-10,-1.9146144390106
24.055754184723,-10,-1.9136449098587
24.075450181961,-10,-1.9126825332642
24.098025083542,-10,-1.9119173288345
24.118237018585,-10,-1.9110449552536
24.138511180878,-10,-1.9104732275009
24.158348083496,-10,-1.9101222753525
24.178227186203,-10,-1.9098401069641
24.198068141937,-10,-1.9097361564636
24.217803001404,-10,-1.9099440574646
24.237500190735,-10,-1.9101284742355
24.255612134933,-10,-1.9101541042328
24.272789001465,-10,-1.9102330207825
24.289998054504,-10,-1.9103267192841
24.307199001312,-10,-1.9103841781616
24.323923110962,-10,-1.9103353023529
24.341122150421,-10,-1.9101309776306
24.358561992645,-10,-1.909924864769
24.375988960266,-10,-1.9098292589188
24.393733978271,-10,-1.9097613096237
24.41116309166,-10,-1.9097212553024
24.42794919014,-10,-1.9097267389297
24.444966077805,-10,-1.9097197055817
24.462081193924,-10,-1.9096170663834
24.478984117508,-10,-1.909463763237
24.495995044708,-10,-1.9093120098114
24.513070106506,-10,-1.9091559648514
24.530188083649,-10,-1.9089696407318
24.547320127487,-10,-1.9091032743454
24.564670085907,-10,-1.9095501899719
24.581974983215,-10,-1.9102959632874
24.598970174789,-10,-1.9113219976425
24.616314172745,-10,-1.9119766950607
24.633963108063,-10,-1.9123314619064
24.651925086975,-10,-1.9123388528824
24.669651985168,-10,-1.9120663404465
24.687293052673,-10,-1.911493062973
24.705029010773,-10,-1.910609960556
24.722481012344,-10,-1.9094115495682
24.739920139313,-10,-1.9083766937256
24.763332128525,-10,-1.9075717926025
24.78130698204,-10,-1.9067882299423
24.798581123352,-10,-1.906480550766
24.816123962402,-10,-1.906341791153
24.833503007889,-10,-1.9062011241913
24.850558996201,-10,-1.9061118364334
24.871083021164,-10,-1.906147480011
24.88892698288,-10,-1.9061938524246
24.91166806221,-10,-1.9063744544983
24.931379079819,-10,-1.9066445827484
24.951522111893,-10,-1.9072158336639
24.971206188202,-10,-1.9082951545715
24.992660999298,-10,-1.9092110395432
25.020848035812,-10,-1.9098405838013
25.040764093399,-10,-1.9096870422363
25.060731172562,-10,-1.9096856117249
25.080787181854,-10,-1.9095094203949
25.100696086884,-10,-1.9092320203781
25.124912023544,-10,-1.9094483852386
25.144581079483,-10,-1.9098039865494
25.163810014725,-10,-1.9104236364365
25.181715965271,-10,-1.9113249778748
25.198773145676,-10,-1.9124003648758
25.215682029724,-10,-1.9135866165161
25.232707977295,-10,-1.915140748024
25.249852180481,-10,-1.9170167446136
25.266875982285,-10,-1.9189643859863
25.28413105011,-10,-1.9209694862366
25.301223993301,-10,-1.9230453968048
25.31776714325,-10,-1.9251894950867
25.334758043289,-10,-1.9273328781128
25.351927042007,-10,-1.9294073581696
25.369069099426,-10,-1.9312205314636
25.386389970779,-10,-1.9327747821808
25.403580188751,-10,-1.934091925621
25.420538187027,-10,-1.9351081848145
25.437667131424,-10,-1.9359327554703
25.454451084137,-10,-1.9366701841354
25.471032142639,-10,-1.9373072385788
25.488342046738,-10,-1.9379000663757
25.509660005569,-10,-1.9385030269623
25.52613902092,-10,-1.9392032623291
25.542955160141,-10,-1.9398367404938
25.560045003891,-10,-1.9403262138367
25.576594114304,-10,-1.9409075975418
25.593986034393,-10,-1.941575050354
25.616187095642,-10,-1.9421849250793
25.633037090302,-10,-1.9426847696304
25.650058984756,-10,-1.9431478977203
25.667006969452,-10,-1.9435223340988
25.683806180954,-10,-1.9437551498413
25.701101064682,-10,-1.9438898563385
25.71813416481,-10,-1.9439713954926
25.735015153885,-10,-1.9439105987549
25.751891136169,-10,-1.9437122344971
25.776432991028,-10,-1.9435436725616
25.792103052139,-10,-1.9431581497192
25.809152126312,-10,-1.9432120323181
25.826071023941,-10,-1.9431530237198
25.843043088913,-10,-1.9429450035095
25.859694957733,-10,-1.942910194397
25.882053136826,-10,-1.9430557489395
25.897334098816,-10,-1.9431327581406
25.914345979691,-10,-1.9433351755142
25.936238050461,-10,-1.9434534311295
25.951105117798,-10,-1.943373799324
25.975059986115,-10,-1.9434527158737
25.99161696434,-10,-1.9429253339767
26.006567001343,-10,-1.9425686597824
26.022045135498,-10,-1.942134141922
26.037863016129,-10,-1.9415879249573
26.055032014847,-10,-1.9410873651505
26.072077035904,-10,-1.9404715299606
26.096637964249,-10,-1.9397410154343
26.113720178604,-10,-1.9383623600006
26.136564970016,-10,-1.9376549720764
26.153274059296,-10,-1.9365911483765
26.170109033585,-10,-1.9362195730209
26.186894178391,-10,-1.9360462427139
26.203480005264,-10,-1.9358021020889
26.22026014328,-10,-1.935497045517
26.237331151962,-10,-1.9353406429291
26.254067182541,-10,-1.9353320598602
26.271437168121,-10,-1.9356098175049
26.288141012192,-10,-1.9360481500626
26.310518026352,-10,-1.9366140365601
26.32790017128,-10,-1.9375780820847
26.345586061478,-10,-1.9386904239655
26.362540006638,-10,-1.9397219419479
26.379920959473,-10,-1.9406327009201
26.403386116028,-10,-1.9412873983383
26.420137166977,-10,-1.9417780637741
26.436928987503,-10,-1.9422514438629
26.4576151371,-10,-1.9426023960114
26.474919080734,-10,-1.9425897598267
26.496632099152,-10,-1.9423882961273
26.513633966446,-10,-1.9416941404343
26.530557155609,-10,-1.94116294384
26.547528982162,-10,-1.940759062767
26.564941167831,-10,-1.9404630661011
26.581411123276,-10,-1.9401825666428
26.598095178604,-10,-1.9399684667587
26.616903066635,-10,-1.9399193525314
26.633380174637,-10,-1.939883351326
26.650252103806,-10,-1.9399435520172
26.670516967773,-10,-1.9400602579117
26.685773134232,-10,-1.9402410984039
26.702668190002,-10,-1.9404404163361
26.722943067551,-10,-1.9405716657639
26.738682031631,-10,-1.9404897689819
26.76472401619,-10,-1.9403961896896
26.782510042191,-10,-1.9392799139023
26.800098180771,-10,-1.9387373924255
26.818317174911,-10,-1.9382174015045
26.844074010849,-10,-1.9378827810287
26.86103105545,-10,-1.9372296333313
26.883203983307,-10,-1.9370625019073
26.900381088257,-10,-1.9372240304947
26.923629999161,-10,-1.9376484155655
26.940508127213,-10,-1.9381672143936
26.957314968109,-10,-1.9389424324036
26.974586963654,-10,-1.9399244785309
26.992074012756,-10,-1.9408289194107
27.009718179703,-10,-1.9417338371277
27.027327060699,-10,-1.9427357912064
27.044736146927,-10,-1.9437429904938
27.07098197937,-10,-1.9446928501129
27.087956190109,-10,-1.9452885389328
27.105187177658,-10,-1.9460380077362
27.121006965637,-10,-1.9469244480133
27.137041091919,-10,-1.9477497339249
27.154575109482,-10,-1.9485576152802
27.171689033508,-10,-1.9493826627731
27.188971996307,-10,-1.950182557106
27.206214189529,-10,-1.9509571790695
27.230551958084,-10,-1.9515821933746
27.247536182404,-10,-1.9516445398331
27.270473003387,-10,-1.9519287347794
27.287968158722,-10,-1.9522216320038
27.310685157776,-10,-1.9525929689407
27.32799911499,-10,-1.9527957439423
27.344946146011,-10,-1.9530160427094
27.362231969833,-10,-1.9532762765884
27.379736185074,-10,-1.95345723629
27.404397964478,-10,-1.95345723629
27.421717166901,-10,-1.9532881975174
27.439236164093,-10,-1.9535031318665
27.457033157349,-10,-1.9536932706833
27.474735975266,-10,-1.9537069797516
27.492550134659,-10,-1.9534205198288
27.510177135468,-10,-1.9527031183243
27.527451038361,-10,-1.9517080783844
27.551218032837,-10,-1.9504494667053
27.569076061249,-10,-1.9479796886444
27.586454153061,-10,-1.9461314678192
27.608514070511,-10,-1.9446161985397
27.625836133957,-10,-1.9429603815079
27.64509510994,-10,-1.9423534870148
27.66547203064,-10,-1.9417998790741
27.686408042908,-10,-1.9409915208817
27.704221963882,-10,-1.9403591156006
27.722346067429,-10,-1.9400863647461
27.740635156631,-10,-1.939845085144
27.757924079895,-10,-1.9395180940628
27.778532981873,-10,-1.9389823675156
27.796766042709,-10,-1.9383437633514
27.814289093018,-10,-1.9379444122314
27.831565141678,-10,-1.9376422166824
27.848520994186,-10,-1.9373427629471
27.871412038803,-10,-1.9369943141937
27.891142129898,-10,-1.9366210699081
27.911590099335,-10,-1.9367965459824
27.931267023087,-10,-1.93718791008
27.953155994415,-10,-1.9380229711533
27.973121166229,-10,-1.9391157627106
27.993676185608,-10,-1.9399123191833
28.013273000717,-10,-1.940528512001
28.033212184906,-10,-1.9410860538483
28.05265712738,-10,-1.9416198730469
28.072326183319,-10,-1.9420232772827
28.089905023575,-10,-1.9420297145844
28.107395172119,-10,-1.9422461986542
28.124570131302,-10,-1.9426110982895
28.141440153122,-10,-1.942865729332
28.158358097076,-10,-1.9431569576263
28.17518901825,-10,-1.9435923099518
28.192038059235,-10,-1.9440788030624
28.208794116974,-10,-1.9445323944092
28.225464105606,-10,-1.9450181722641
28.242451190948,-10,-1.9455970525742
28.259467124939,-10,-1.9461560249329
28.276751995087,-10,-1.9466345310211
28.293925046921,-10,-1.9472317695618
28.311594009399,-10,-1.9479435682297
28.32883810997,-10,-1.9485821723938
28.35049700737,-10,-1.9490711688995
28.367218971252,-10,-1.949334859848
28.384212017059,-10,-1.9493370056152
28.400797128677,-10,-1.9490791559219
28.417664051056,-10,-1.9489047527313
28.434915065765,-10,-1.9487900733948
28.452110052109,-10,-1.9486488103867
28.469464063644,-10,-1.9485002756119
28.486744165421,-10,-1.948086977005
28.503789186478,-10,-1.9476767778397
28.521075963974,-10,-1.9474383592606
28.538232088089,-10,-1.9471756219864
28.555489063263,-10,-1.9467397928238
28.578664064407,-10,-1.9462257623672
28.596966981888,-10,-1.9453933238983
28.614833116531,-10,-1.9449385404587
28.634674072266,-10,-1.9444973468781
28.658969163895,-10,-1.9436990022659
28.676983118057,-10,-1.94284760952
28.69455909729,-10,-1.9426070451736
28.712052106857,-10,-1.9427825212479
28.730528116226,-10,-1.9427466392517
28.751356124878,-10,-1.9424604177475
28.769066095352,-10,-1.9422084093094
28.786481142044,-10,-1.9420726299286
28.805094003677,-10,-1.9418621063232
28.822868108749,-10,-1.9415086507797
28.844926118851,-10,-1.941162109375
28.863325119019,-10,-1.9405270814896
28.881716012955,-10,-1.9401830434799
28.90097117424,-10,-1.9400292634964
28.918343067169,-10,-1.9398884773254
28.935563087463,-10,-1.9397642612457
28.952520132065,-10,-1.9398733377457
28.969853162766,-10,-1.940190911293
28.991676092148,-10,-1.9404917955399
29.009164094925,-10,-1.9406048059464
29.026571989059,-10,-1.9407312870026
29.044260978699,-10,-1.9408694505692
29.061590194702,-10,-1.9409974813461
29.07887005806,-10,-1.941174864769
29.096194982529,-10,-1.9414213895798
29.11359000206,-10,-1.9417186975479
29.130434989929,-10,-1.9420094490051
29.14742898941,-10,-1.9422335624695
29.164802074432,-10,-1.9424803256989
29.182021141052,-10,-1.9429010152817
29.198873996735,-10,-1.9434179067612
29.218185186386,-10,-1.9440270662308
29.23520898819,-10,-1.9445989131927
29.252293109894,-10,-1.9451434612274
29.271646976471,-10,-1.945695400238
29.289052009583,-10,-1.9461177587509
29.311644077301,-10,-1.9461967945099
29.32918715477,-10,-1.9461323022842
29.346475124359,-10,-1.9462418556213
29.363914012909,-10,-1.9464241266251
29.381244182587,-10,-1.9466688632965
29.399026155472,-10,-1.9469758272171
29.416661024094,-10,-1.9472417831421
29.434391021729,-10,-1.9474409818649
29.452044010162,-10,-1.947808265686
29.470015048981,-10,-1.9483416080475
29.48775601387,-10,-1.9486658573151
29.505405187607,-10,-1.948924779892
29.522938966751,-10,-1.9491820335388
29.540524959564,-10,-1.9493044614792
29.564501047134,-10,-1.9492962360382
29.582038164139,-10,-1.9487503767014
29.604853153229,-10,-1.9484627246857
29.622249126434,-10,-1.9479279518127
29.645251989365,-10,-1.9475857019424
29.663001060486,-10,-1.9469212293625
29.680279016495,-10,-1.9466693401337
29.697704076767,-10,-1.9467271566391
29.71534705162,-10,-1.947009563446
29.732829093933,-10,-1.9471607208252
29.750743150711,-10,-1.9471997022629
29.769750118256,-10,-1.947384595871
29.790793180466,-10,-1.9475696086884
29.811601161957,-10,-1.9476490020752
29.832967042923,-10,-1.9475013017654
29.852761983871,-10,-1.9472020864487
29.872435092926,-10,-1.9472817182541
29.892292976379,-10,-1.9476773738861
29.913429021835,-10,-1.9484055042267
29.933056116104,-10,-1.9492214918137
29.952782154083,-10,-1.9503738880157
29.972321033478,-10,-1.9518901109695
29.991786003113,-10,-1.9533416032791
30.011162996292,-10,-1.9546490907669
30.030799150467,-10,-1.9558194875717
30.048750162125,-10,-1.9566029310226
30.065911054611,-10,-1.9572182893753
30.082960128784,-10,-1.9577784538269
30.100516080856,-10,-1.9581869840622
30.117510080338,-10,-1.9583398103714
30.134515047073,-10,-1.9581959247589
30.151735067368,-10,-1.9578646421432
30.168783187866,-10,-1.9575732946396
30.185801029205,-10,-1.9573324918747
30.202795982361,-10,-1.9570106267929
30.219710111618,-10,-1.9566661119461
30.236430168152,-10,-1.9564241170883
30.253506183624,-10,-1.9562482833862
30.270572185516,-10,-1.9560722112656
30.287853002548,-10,-1.9559547901154
30.304931163788,-10,-1.9559142589569
30.321946144104,-10,-1.9562548398972
30.338627099991,-10,-1.9569176435471
30.355568170547,-10,-1.957211971283
30.372457027435,-10,-1.9571350812912
30.389458179474,-10,-1.9570035934448
30.406324148178,-10,-1.9567974805832
30.423352956772,-10,-1.9563449621201
30.439809083939,-10,-1.9558119773865
30.45655798912,-10,-1.9553488492966
30.473337173462,-10,-1.9549261331558
30.498018980026,-10,-1.954557299614
30.514705181122,-10,-1.9538371562958
30.531394004822,-10,-1.953630566597
30.54816699028,-10,-1.9530435800552
30.564934015274,-10,-1.9522058963776
30.581835031509,-10,-1.9511159658432
30.598989963531,-10,-1.9501014947891
30.61608505249,-10,-1.9494928121567
30.633432149887,-10,-1.9491893053055
30.650564193726,-10,-1.9491631984711
30.667520046234,-10,-1.9493108987808
30.685058116913,-10,-1.9496110677719
30.701967000961,-10,-1.9500790834427
30.718717098236,-10,-1.9507011175156
30.738376140594,-10,-1.9516240358353
30.755120992661,-10,-1.9528912305832
30.771989107132,-10,-1.9543231725693
30.79206609726,-10,-1.9559648036957
30.809570074081,-10,-1.9580849409103
30.831789970398,-10,-1.9600985050201
30.848793029785,-10,-1.9623919725418
30.86571097374,-10,-1.9639747142792
30.882990121841,-10,-1.9652570486069
30.900202989578,-10,-1.9661513566971
30.917288064957,-10,-1.9669848680496
30.938556194305,-10,-1.9677709341049
30.955433130264,-10,-1.9683203697205
30.972120046616,-10,-1.9686249494553
30.992084026337,-10,-1.9686586856842
31.009437084198,-10,-1.9679663181305
31.033214092255,-10,-1.9670404195786
31.050749063492,-10,-1.9654476642609
31.072589159012,-10,-1.9643716812134
31.090403079987,-10,-1.9626308679581
31.108615159988,-10,-1.9617258310318
31.126603126526,-10,-1.9612276554108
31.144639015198,-10,-1.9608795642853
31.162209033966,-10,-1.9607702493668
31.179488182068,-10,-1.9610011577606
31.196479082108,-10,-1.9617525339127
31.219417095184,-10,-1.9628468751907
31.237039089203,-10,-1.9639678001404
31.254590988159,-10,-1.9648944139481
31.27228808403,-10,-1.9656323194504
31.290019035339,-10,-1.9663454294205
31.307219028473,-10,-1.9672602415085
31.324046134949,-10,-1.9681673049927
31.341089010239,-10,-1.9690577983856
31.358124017715,-10,-1.9697805643082
31.374905109406,-10,-1.9703332185745
31.392317056656,-10,-1.9706584215164
31.4094851017,-10,-1.9707672595978
31.426301002502,-10,-1.9706146717072
31.445453166962,-10,-1.9702746868134
31.462471008301,-10,-1.9695925712585
31.485823154449,-10,-1.9691860675812
31.503527164459,-10,-1.9685870409012
31.520748138428,-10,-1.9683541059494
31.537934064865,-10,-1.9682130813599
31.55491399765,-10,-1.9681613445282
31.572126150131,-10,-1.9681528806686
31.589027166367,-10,-1.9681429862976
31.606095075607,-10,-1.9678516387939
31.622724056244,-10,-1.9672330617905
31.645905971527,-10,-1.9665015935898
31.663128137589,-10,-1.964986205101
31.680092096329,-10,-1.9639618396759
31.699084043503,-10,-1.9628736972809
31.716449022293,-10,-1.961519241333
31.73924612999,-10,-1.9603687524796
31.756941080093,-10,-1.9588193893433
31.774327039719,-10,-1.9579585790634
31.792308092117,-10,-1.9573823213577
31.810091018677,-10,-1.9569398164749
31.826940059662,-10,-1.9567660093307
31.845582962036,-10,-1.9568855762482
31.862704992294,-10,-1.9566617012024
31.879388093948,-10,-1.9563015699387
31.89951300621,-10,-1.9556597471237
31.91727399826,-10,-1.9543361663818
31.93492102623,-10,-1.9529860019684
31.952321052551,-10,-1.9514193534851
31.969925165176,-10,-1.9496831893921
31.987092971802,-10,-1.9479888677597
32.005654096603,-10,-1.9464191198349
32.022582054138,-10,-1.9448432922363
32.039342164993,-10,-1.9435029029846
32.059273004532,-10,-1.9422025680542
32.076663970947,-10,-1.940664768219
32.093626022339,-10,-1.9393887519836
32.112595081329,-10,-1.9381190538406
32.129853010178,-10,-1.9367196559906
32.152544975281,-10,-1.9356063604355
32.16997718811,-10,-1.9342913627625
32.187640190125,-10,-1.9335882663727
32.205409049988,-10,-1.9331638813019
32.222012042999,-10,-1.9329167604446
32.239451169968,-10,-1.9328827857971
32.256222963333,-10,-1.933064699173
32.273827075958,-10,-1.9335182905197
32.291218042374,-10,-1.9341336488724
32.311895132065,-10,-1.9348117113113
32.32744717598,-10,-1.9352658987045
32.344362974167,-10,-1.9358026981354
32.36598110199,-10,-1.936572432518
32.382528066635,-10,-1.9376628398895
32.399816989899,-10,-1.9388927221298
32.417468070984,-10,-1.9400790929794
32.434914112091,-10,-1.941214799881
32.458521127701,-10,-1.9423289299011
32.474493026733,-10,-1.9435938596725
32.49013710022,-10,-1.9446204900742
32.506864070892,-10,-1.9455963373184
32.526051044464,-10,-1.946573972702
32.54341506958,-10,-1.9472842216492
32.564671993256,-10,-1.9477064609528
32.580311059952,-10,-1.9481371641159
32.597311019897,-10,-1.9486334323883
32.617897033691,-10,-1.9491717815399
32.63379406929,-10,-1.9498668909073
32.651280164719,-10,-1.950627207756
32.671503067017,-10,-1.9514549970627
32.68829703331,-10,-1.9524443149567
32.711603164673,-10,-1.9535050392151
32.726916074753,-10,-1.9546312093735
32.742668151855,-10,-1.9554164409637
32.767467975616,-10,-1.9562729597092
32.785778045654,-10,-1.9571647644043
32.807454109192,-10,-1.9574261903763
32.827164173126,-10,-1.9575560092926
32.848349094391,-10,-1.9576766490936
32.876801013947,-10,-1.9576143026352
32.903990983963,-10,-1.9571717977524
32.933726072311,-10,-1.9566345214844
32.956871986389,-10,-1.9560561180115
32.983662128448,-10,-1.9561942815781
33.006464958191,-10,-1.9565469026566
33.030029058456,-10,-1.9569967985153
33.05226111412,-10,-1.957160949707
33.072237968445,-10,-1.9570554494858
33.09268116951,-10,-1.9568763971329
33.112334012985,-10,-1.9569932222366
33.130831956863,-10,-1.9574770927429
33.148308038712,-10,-1.9581980705261
33.165313005447,-10,-1.9591320753098
33.182765007019,-10,-1.9602675437927
33.200105190277,-10,-1.9618400335312
33.217482089996,-10,-1.9633942842484
33.234027147293,-10,-1.9646829366684
33.249576091766,-10,-1.9657341241837
33.265231132507,-10,-1.9666132926941
33.280425071716,-10,-1.9674098491669
33.295667171478,-10,-1.9681504964828
33.31102514267,-10,-1.9689775705338
33.326033115387,-10,-1.9700179100037
33.340984106064,-10,-1.9711519479752
33.3568110466,-10,-1.9723075628281
33.373731136322,-10,-1.9735832214355
33.390623092651,-10,-1.9750806093216
33.407979011536,-10,-1.9766426086426
33.433093070984,-10,-1.9782000780106
33.450931072235,-10,-1.9804896116257
33.468269109726,-10,-1.9822121858597
33.485319137573,-10,-1.9835833311081
33.50258898735,-10,-1.984678030014
33.525843143463,-10,-1.9855058193207
33.543200969696,-10,-1.9865834712982
33.566668987274,-10,-1.9875870943069
33.584056138992,-10,-1.9888386726379
33.606395959854,-10,-1.989793419838
33.624202013016,-10,-1.9907643795013
33.646620988846,-10,-1.9916999340057
33.663494110107,-10,-1.9925334453583
33.680927038193,-10,-1.993110537529
33.69862818718,-10,-1.9936338663101
33.715847015381,-10,-1.9940433502197
33.739583015442,-10,-1.994292140007
33.757076978683,-10,-1.9941749572754
33.774644136429,-10,-1.9941487312317
33.792155981064,-10,-1.9942229986191
33.809969186783,-10,-1.9944397211075
33.832878112793,-10,-1.9946751594543
33.850210189819,-10,-1.9951053857803
33.867515087128,-10,-1.9957410097122
33.884864091873,-10,-1.996328830719
33.913885116577,-10,-1.9968966245651
33.931343078613,-10,-1.9968421459198
33.947616100311,-10,-1.9971903562546
33.962957143784,-10,-1.9974747896194
33.97870016098,-10,-1.997699379921
33.994467020035,-10,-1.997952580452
34.018853187561,-10,-1.9983258247375
34.034471988678,-10,-1.9985855817795
34.049934148788,-10,-1.999035358429
34.064828157425,-10,-1.9995713233948
34.080430984497,-10,-1.9999401569366
34.097357988358,-10,-1.9999108314514
34.113679170609,-10,-1.9993534088135
34.131196975708,-10,-1.9983060359955
34.14871096611,-10,-1.9966955184937
34.166105985641,-10,-1.994886636734
34.183238983154,-10,-1.9929457902908
34.200167179108,-10,-1.9908828735352
34.219928026199,-10,-1.9884606599808
34.237153053284,-10,-1.9849712848663
34.260146141052,-10,-1.9818048477173
34.27775812149,-10,-1.9773261547089
34.299913167953,-10,-1.9741337299347
34.317238092422,-10,-1.9699372053146
34.334400177002,-10,-1.9667590856552
34.351694107056,-10,-1.9635155200958
34.368829011917,-10,-1.9604367017746
34.385832071304,-10,-1.957559466362
34.40610909462,-10,-1.9547365903854
34.422072172165,-10,-1.9513032436371
34.439145088196,-10,-1.948838353157
34.459187984467,-10,-1.9463032484055
34.475685119629,-10,-1.9434766769409
34.492417097092,-10,-1.9416574239731
34.513719081879,-10,-1.94018471241
34.52991604805,-10,-1.9390096664429
34.546936988831,-10,-1.9386934041977
34.566883087158,-10,-1.9387620687485
34.583896160126,-10,-1.9388760328293
34.605683088303,-10,-1.9387695789337
34.622007131577,-10,-1.9386013746262
34.639842987061,-10,-1.9386929273605
34.657241106033,-10,-1.9390417337418
34.674139976501,-10,-1.9395099878311
34.69104218483,-10,-1.9400570392609
34.714507102966,-10,-1.9407473802567
34.732200145721,-10,-1.9418506622314
34.749500989914,-10,-1.943062543869
34.766654968262,-10,-1.9445720911026
34.783450126648,-10,-1.9464836120605
34.806688070297,-10,-1.9486879110336
34.823778152466,-10,-1.9520258903503
34.840229988098,-10,-1.95419049263
34.857998132706,-10,-1.9559061527252
34.875590085983,-10,-1.9573508501053
34.894427061081,-10,-1.9585334062576
34.915553092957,-10,-1.95953810215
34.949949026108,-10,-1.9604213237762
34.980921030045,-10,-1.9599636793137
35.012732982635,-10,-1.9592751264572
35.047775030136,-10,-1.9583784341812
35.07982301712,-10,-1.9565643072128
35.111802101135,-10,-1.9553319215775
35.150987148285,-10,-1.9536751508713
35.180235147476,-10,-1.9517343044281
35.210644960403,-10,-1.9508739709854
35.239592075348,-10,-1.9504359960556
35.263421058655,-10,-1.9503563642502
35.28354716301,-10,-1.9507063627243
35.303013086319,-10,-1.9512647390366
35.320803165436,-10,-1.9519402980804
35.33858704567,-10,-1.9526226520538
35.355049133301,-10,-1.9533857107162
35.381919145584,-10,-1.9542670249939
35.396958112717,-10,-1.9558873176575
35.41277217865,-10,-1.9572819471359
35.428367137909,-10,-1.9592016935349
35.444133996964,-10,-1.9609570503235
35.45987701416,-10,-1.9622731208801
35.475771188736,-10,-1.9634563922882
35.491571187973,-10,-1.9644883871078
35.507476091385,-10,-1.9652913808823
35.523157119751,-10,-1.9658875465393
35.538921117783,-10,-1.9665099382401
35.554744958878,-10,-1.9671428203583
35.570067167282,-10,-1.9678446054459
35.585350990295,-10,-1.9685987234116
35.600522041321,-10,-1.9694277048111
35.616120100021,-10,-1.9703205823898
35.631587982178,-10,-1.971403837204
35.646663188934,-10,-1.972643494606
35.661926031113,-10,-1.9738062620163
35.677170038223,-10,-1.974924325943
35.692594051361,-10,-1.9759684801102
35.707206964493,-10,-1.9769614934921
35.722481966019,-10,-1.9779039621353
35.738190174103,-10,-1.9788691997528
35.754228115082,-10,-1.9797407388687
35.769973039627,-10,-1.9804171323776
35.792679071426,-10,-1.9808495044708
35.820453166962,-10,-1.9805607795715
35.845877170563,-10,-1.9801887273788
35.862905025482,-10,-1.9795099496841
35.900115013123,-10,-1.9792995452881
35.915496110916,-10,-1.9773136377335
35.933209180832,-10,-1.9774425029755
35.950491189957,-10,-1.9776790142059
35.967187166214,-10,-1.9780476093292
35.993986129761,-10,-1.9786111116409
36.011640071869,-10,-1.9789093732834
36.029273033142,-10,-1.979589343071
36.047943115234,-10,-1.9803661108017
36.065584182739,-10,-1.9810109138489
36.086498975754,-10,-1.9815752506256
36.102650165558,-10,-1.9822541475296
36.120082139969,-10,-1.9829137325287
36.137677192688,-10,-1.9834735393524
36.15533208847,-10,-1.9841239452362
36.173154115677,-10,-1.9848684072495
36.1940741539,-10,-1.9849463701248
36.211302042007,-10,-1.9845005273819
36.22851896286,-10,-1.9840183258057
36.247570991516,-10,-1.9832388162613
36.265024185181,-10,-1.9820721149445
36.282211065292,-10,-1.9810883998871
36.301226139069,-10,-1.9801530838013
36.319051027298,-10,-1.9785321950912
36.339673042297,-10,-1.9768754243851
36.355770111084,-10,-1.974641084671
36.373217105865,-10,-1.9731384515762
36.393831968307,-10,-1.9715373516083
36.410072088242,-10,-1.9698148965836
36.427201986313,-10,-1.9686533212662
36.447383165359,-10,-1.9672847986221
36.464478969574,-10,-1.9654886722565
36.48649597168,-10,-1.9641439914703
36.503520965576,-10,-1.9613877534866
36.52050614357,-10,-1.9592390060425
36.54029917717,-10,-1.9570249319077
36.556918144226,-10,-1.9545532464981
36.579487085342,-10,-1.9528558254242
36.596026182175,-10,-1.9506611824036
36.612347126007,-10,-1.949400305748
36.632951021194,-10,-1.9481188058853
36.64910197258,-10,-1.9464012384415
36.666731119156,-10,-1.9453778266907
36.699854135513,-10,-1.9449067115784
36.715444087982,-10,-1.9458322525024
36.739515066147,-10,-1.9475358724594
36.755004167557,-10,-1.9512811899185
36.770856142044,-10,-1.954185962677
36.786360025406,-10,-1.9574422836304
36.801805019379,-10,-1.9603461027145
36.817260026932,-10,-1.9628329277039
36.832940101624,-10,-1.9649441242218
36.848859071732,-10,-1.9666962623596
36.865741968155,-10,-1.9680868387222
36.883433103561,-10,-1.9692277908325
36.900704145432,-10,-1.9700759649277
36.918164968491,-10,-1.970646739006
36.940706968307,-10,-1.9709730148315
36.957916021347,-10,-1.971058011055
36.981507062912,-10,-1.9713653326035
36.9990670681,-10,-1.9707583189011
37.020648002625,-10,-1.9701769351959
37.037698984146,-10,-1.9691028594971
37.061578035355,-10,-1.9688497781754
37.079180002213,-10,-1.9685319662094
37.09654211998,-10,-1.9686499834061
37.114536046982,-10,-1.9690155982971
37.131504058838,-10,-1.9696164131165
37.148529052734,-10,-1.970278263092
37.167971134186,-10,-1.9711184501648
37.185374975204,-10,-1.9723055362701
37.202273130417,-10,-1.9737322330475
37.219424009323,-10,-1.9752728939056
37.236180067062,-10,-1.9767515659332
37.253086090088,-10,-1.9781407117844
37.274285078049,-10,-1.9797370433807
37.291002035141,-10,-1.9814473390579
37.307556152344,-10,-1.9823610782623
37.32707118988,-10,-1.9827519655228
37.342483997345,-10,-1.9823412895203
37.358572006226,-10,-1.9819182157516
37.375133991241,-10,-1.9812688827515
37.393625974655,-10,-1.9805119037628
37.40949511528,-10,-1.9795169830322
37.426429986954,-10,-1.978796005249
37.446740150452,-10,-1.9780324697495
37.462150096893,-10,-1.9768267869949
37.479003190994,-10,-1.9758756160736
37.500621080399,-10,-1.9744372367859
37.517307043076,-10,-1.9716155529022
37.540420055389,-10,-1.9692114591599
37.55615901947,-10,-1.9660211801529
37.572816133499,-10,-1.9643892049789
37.590847969055,-10,-1.9629815816879
37.606971979141,-10,-1.9617482423782
37.624330997467,-10,-1.961125254631
37.647128105164,-10,-1.9606883525848
37.663223981857,-10,-1.9601732492447
37.68032002449,-10,-1.9600611925125
37.697406053543,-10,-1.9600158929825
37.71470618248,-10,-1.9601702690125
37.74026799202,-10,-1.9605017900467
37.756060123444,-10,-1.9607388973236
37.772906064987,-10,-1.9613380432129
37.794131994247,-10,-1.9620233774185
37.811424016953,-10,-1.962904214859
37.827756166458,-10,-1.9640177488327
37.844791173935,-10,-1.9653866291046
37.860855102539,-10,-1.9666838645935
37.877773046494,-10,-1.9678837060928
37.901282072067,-10,-1.9690456390381
37.91738319397,-10,-1.9703654050827
37.933063983917,-10,-1.9715527296066
37.954282999039,-10,-1.9727649688721
37.969813108444,-10,-1.9743202924728
37.986620187759,-10,-1.9757878780365
38.003736019135,-10,-1.9774760007858
38.021335124969,-10,-1.9792839288712
38.038596153259,-10,-1.9809579849243
38.06027007103,-10,-1.9821912050247
38.07666516304,-10,-1.9829704761505
38.093510150909,-10,-1.9834661483765
38.113504171371,-10,-1.9839786291122
38.129163980484,-10,-1.9844881296158
38.146059989929,-10,-1.9849640130997
38.167715072632,-10,-1.9854308366776
38.184193134308,-10,-1.985938668251
38.206545114517,-10,-1.9864319562912
38.221686124802,-10,-1.9867228269577
38.236852169037,-10,-1.9870654344559
38.260476112366,-10,-1.9873403310776
38.275703191757,-10,-1.986924290657
38.291705131531,-10,-1.9872163534164
38.313488960266,-10,-1.9876434803009
38.32893705368,-10,-1.9876581430435
38.353792190552,-10,-1.9877361059189
38.369188070297,-10,-1.9871828556061
38.384171009064,-10,-1.9870163202286
38.399861097336,-10,-1.9867593050003
38.420325040817,-10,-1.9864035844803
38.435940027237,-10,-1.9854069948196
38.460369110107,-10,-1.9844373464584
38.475269079208,-10,-1.982333779335
38.490306138992,-10,-1.9814480543137
38.516723155975,-10,-1.9804034233093
38.532196044922,-10,-1.9764182567596
38.547826051712,-10,-1.9752135276794
38.563938140869,-10,-1.9741486310959
38.581494092941,-10,-1.9731867313385
38.607503175735,-10,-1.9724072217941
38.623360157013,-10,-1.9710299968719
38.638381958008,-10,-1.9709618091583
38.654006004333,-10,-1.9710911512375
38.673501014709,-10,-1.9713760614395
38.689114093781,-10,-1.9716302156448
38.705945968628,-10,-1.972008228302
38.727678060532,-10,-1.9724491834641
38.744052171707,-10,-1.9729564189911
38.768540143967,-10,-1.9736061096191
38.783761024475,-10,-1.9743130207062
38.800507068634,-10,-1.9750825166702
38.821691989899,-10,-1.9758818149567
38.83767414093,-10,-1.9767652750015
38.860813140869,-10,-1.9776331186295
38.881357192993,-10,-1.9785859584808
38.904675006866,-10,-1.9793230295181
38.939954996109,-10,-1.9793846607208
38.969410181046,-10,-1.9755717515945
38.999652147293,-10,-1.9735696315765
39.033451080322,-10,-1.9711654186249
39.065096139908,-10,-1.9682930707932
39.097573041916,-10,-1.9656826257706
39.126613140106,-10,-1.9627038240433
39.156413078308,-10,-1.9604030847549
39.185152053833,-10,-1.958068728447
39.213878154755,-10,-1.9562402963638
39.237217187881,-10,-1.9556105136871
39.258107185364,-10,-1.9557287693024
39.277606010437,-10,-1.9559235572815
39.295111179352,-10,-1.9562467336655
39.312844991684,-10,-1.9567741155624
39.330178022385,-10,-1.9571073055267
39.346300125122,-10,-1.9572947025299
39.361603975296,-10,-1.9574922323227
39.378116130829,-10,-1.957671880722
39.394526958466,-10,-1.9581214189529
39.410928964615,-10,-1.9588665962219
39.427848100662,-10,-1.959928393364
39.44473695755,-10,-1.9613621234894
39.461852073669,-10,-1.9628949165344
39.478533983231,-10,-1.9644461870193
39.495540142059,-10,-1.9659097194672
39.51287317276,-10,-1.9674109220505
39.530300140381,-10,-1.969022154808
39.547240972519,-10,-1.970912694931
39.563934087753,-10,-1.9729931354523
39.580898046494,-10,-1.9752261638641
39.597846031189,-10,-1.9776363372803
39.61493396759,-10,-1.9800585508347
39.631954193115,-10,-1.9825506210327
39.649281978607,-10,-1.9850484132767
39.668842077255,-10,-1.9875555038452
39.689870119095,-10,-1.9902038574219
39.70928812027,-10,-1.9926828145981
39.728513002396,-10,-1.9946439266205
39.74826002121,-10,-1.9963427782059
39.768290042877,-10,-1.9979696273804
39.784986019135,-10,-1.9995845556259
39.802021026611,-10,-2.0009136199951
39.818919181824,-10,-2.0021228790283
39.835673093796,-10,-2.0036587715149
39.852545976639,-10,-2.0052409172058
39.877017974854,-10,-2.006763458252
39.895933151245,-10,-2.0085275173187
39.916429042816,-10,-2.010018825531
39.935882091522,-10,-2.0115323066711
39.954975128174,-10,-2.0132217407227
39.974109172821,-10,-2.0150654315948
39.993245124817,-10,-2.0173013210297
40.0105509758,-10,-2.019855260849
40.027811050415,-10,-2.0219669342041
40.044828176498,-10,-2.0238373279572
40.062036991119,-10,-2.0254244804382
40.079024076462,-10,-2.0269284248352
40.096462965012,-10,-2.0283465385437
40.113717079163,-10,-2.0297746658325
40.131195068359,-10,-2.0311691761017
40.148837089539,-10,-2.0322754383087
40.166371107101,-10,-2.0331711769104
40.183433055878,-10,-2.0339338779449
40.200693130493,-10,-2.0344588756561
40.218870162964,-10,-2.0346348285675
40.237056016922,-10,-2.0345211029053
40.253831148148,-10,-2.0342366695404
40.271002054214,-10,-2.03382396698
40.288376092911,-10,-2.0332572460175
40.306605100632,-10,-2.0326364040375
40.324340105057,-10,-2.0318193435669
40.341188192368,-10,-2.0308129787445
40.357861042023,-10,-2.0297152996063
40.375310182571,-10,-2.0284056663513
40.392884016037,-10,-2.0268521308899
40.410667181015,-10,-2.0250904560089
40.429201126099,-10,-2.0232038497925
40.448089122772,-10,-2.0210583209991
40.467413187027,-10,-2.0186386108398
40.486314058304,-10,-2.015682220459
40.505217075348,-10,-2.0124788284302
40.525094985962,-10,-2.0091745853424
40.544376134872,-10,-2.0055968761444
40.568608045578,-10,-2.0022125244141
40.586353063583,-10,-1.997815489769
40.603317975998,-10,-1.9947792291641
40.620371103287,-10,-1.9918279647827
40.637387990952,-10,-1.988844037056
40.654060125351,-10,-1.9859389066696
40.671005964279,-10,-1.9833133220673
40.68864607811,-10,-1.9808623790741
40.70543217659,-10,-1.9782888889313
40.728482961655,-10,-1.9759300947189
40.747991085052,-10,-1.9726926088333
40.766134023666,-10,-1.9699867963791
40.787204027176,-10,-1.9673302173615
40.808716058731,-10,-1.9640473127365
40.830022096634,-10,-1.9605979919434
40.852423191071,-10,-1.9569001197815
40.875957012177,-10,-1.9530276060104
40.899428129196,-10,-1.9487779140472
40.922389030457,-10,-1.9444315433502
40.942046165466,-10,-1.9401981830597
40.961403131485,-10,-1.9372001886368
40.980803966522,-10,-1.9346750974655
40.999850988388,-10,-1.9323521852493
41.019376993179,-10,-1.9302566051483
41.043545007706,-10,-1.9282425642014
41.072494983673,-10,-1.9261499643326
41.099694013596,-10,-1.9240117073059
41.130835056305,-10,-1.9230180978775
41.162081956863,-10,-1.9222723245621
41.190867185593,-10,-1.922178030014
41.223297119141,-10,-1.922393321991
41.253010034561,-10,-1.9222701787949
41.279432058334,-10,-1.9224224090576
41.305006027222,-10,-1.9232465028763
41.329235076904,-10,-1.9248321056366
41.353322029114,-10,-1.9271168708801
41.371109962463,-10,-1.9300945997238
41.388334989548,-10,-1.932776093483
41.405780076981,-10,-1.935520529747
41.421162128448,-10,-1.9383828639984
41.436514139175,-10,-1.9410878419876
41.451766967773,-10,-1.9439097642899
41.467430114746,-10,-1.9468511343002
41.483039140701,-10,-1.9500186443329
41.498098134995,-10,-1.9533089399338
41.51429104805,-10,-1.9565308094025
41.531280994415,-10,-1.9600039720535
41.54846906662,-10,-1.9637296199799
41.575540065765,-10,-1.967591047287
41.594544172287,-10,-1.9730727672577
41.616067171097,-10,-1.9766062498093
41.636319160461,-10,-1.980491399765
41.655689001083,-10,-1.9842311143875
41.67950296402,-10,-1.9876861572266
41.702360153198,-10,-1.9914199113846
41.725269079208,-10,-1.9947453737259
41.748142957687,-10,-1.9977385997772
41.771577119827,-10,-2.0009198188782
41.794257164001,-10,-2.0045394897461
41.819432973862,-10,-2.0085511207581
41.842437982559,-10,-2.0123150348663
41.863677978516,-10,-2.015691280365
41.883074998856,-10,-2.0188362598419
41.90244102478,-10,-2.0215122699738
41.922325134277,-10,-2.0238754749298
41.942311048508,-10,-2.0259730815887
41.960497140884,-10,-2.0278980731964
41.977755069733,-10,-2.029865026474
41.995059967041,-10,-2.0318894386292
42.012063026428,-10,-2.0337793827057
42.029639959335,-10,-2.035516500473
42.046717166901,-10,-2.0372321605682
42.063549995422,-10,-2.0388288497925
42.080289125443,-10,-2.0402116775513
42.097154140472,-10,-2.0415098667145
42.114114046097,-10,-2.0428419113159
42.131478071213,-10,-2.0440807342529
42.148671150208,-10,-2.0451149940491
42.165958166122,-10,-2.0459542274475
42.183266162872,-10,-2.046648979187
42.198939085007,-10,-2.0471298694611
42.215798139572,-10,-2.0473966598511
42.232903957367,-10,-2.0474188327789
42.250010967255,-10,-2.0472033023834
42.266765117645,-10,-2.0468080043793
42.283787965775,-10,-2.0464346408844
42.300976991653,-10,-2.0461859703064
42.318216085434,-10,-2.0457215309143
42.343165159225,-10,-2.0447041988373
42.359034061432,-10,-2.0420036315918
42.375086069107,-10,-2.0401754379272
42.391872167587,-10,-2.0380706787109
42.408956050873,-10,-2.0354874134064
42.426102161407,-10,-2.0324115753174
42.443140983582,-10,-2.0289175510406
42.459861040115,-10,-2.0250778198242
42.4767100811,-10,-2.0209095478058
42.493587970734,-10,-2.0158402919769
42.515933990479,-10,-2.0112719535828
42.53274512291,-10,-2.0057895183563
42.549965143204,-10,-2.0020840167999
42.56689119339,-10,-1.9984996318817
42.583539962769,-10,-1.9951926469803
42.601487159729,-10,-1.9923039674759
42.618900060654,-10,-1.9899597167969
42.636700153351,-10,-1.9875849485397
42.654651165009,-10,-1.9850511550903
42.671604156494,-10,-1.9827166795731
42.689790010452,-10,-1.9807327985764
42.70712518692,-10,-1.9785695075989
42.72961807251,-10,-1.9765924215317
42.746737003326,-10,-1.9738509654999
42.763942956924,-10,-1.9721826314926
42.783495187759,-10,-1.9707229137421
42.810162067413,-10,-1.9691506624222
42.827671051025,-10,-1.9673161506653
42.845219135284,-10,-1.96690762043
42.862668037415,-10,-1.9667242765427
42.880207061768,-10,-1.9665268659592
42.89731502533,-10,-1.9660716056824
42.914319992065,-10,-1.9654079675674
42.931336164474,-10,-1.9643411636353
42.948474168777,-10,-1.9633121490479
42.965677022934,-10,-1.9622895717621
42.983808040619,-10,-1.9612957239151
43.001559019089,-10,-1.9602644443512
43.019176006317,-10,-1.9593745470047
43.036700963974,-10,-1.9585245847702
43.054402112961,-10,-1.9576013088226
43.071786165237,-10,-1.9567137956619
43.090692043304,-10,-1.9560090303421
43.107594013214,-10,-1.9552789926529
43.124346017838,-10,-1.9547225236893
43.143334150314,-10,-1.9542183876038
43.160509109497,-10,-1.9536986351013
43.177751064301,-10,-1.9536179304123
43.195563077927,-10,-1.9537615776062
43.212613105774,-10,-1.9540380239487
43.229643106461,-10,-1.9542083740234
43.249758958817,-10,-1.9542781114578
43.266792058945,-10,-1.9543490409851
43.290338993073,-10,-1.9545562267303
43.308142185211,-10,-1.9544683694839
43.325586080551,-10,-1.9544565677643
43.343387126923,-10,-1.9543097019196
43.360431194305,-10,-1.9539462327957
43.377643108368,-10,-1.9537029266357
43.397013187408,-10,-1.953690290451
43.414962053299,-10,-1.9538929462433
43.431688070297,-10,-1.9545590877533
43.449489116669,-10,-1.9552211761475
43.466960191727,-10,-1.9558900594711
43.484558105469,-10,-1.956692814827
43.502022027969,-10,-1.957657456398
43.519634962082,-10,-1.9587448835373
43.536566972733,-10,-1.959991812706
43.553506135941,-10,-1.9613749980927
43.570255994797,-10,-1.9628688097
43.587481975555,-10,-1.9644496440887
43.610320091248,-10,-1.9662117958069
43.628231048584,-10,-1.9685148000717
43.645934104919,-10,-1.9706251621246
43.662305116653,-10,-1.9727885723114
43.679807186127,-10,-1.9748417139053
43.703027009964,-10,-1.9769375324249
43.719494104385,-10,-1.9791129827499
43.735366106033,-10,-1.9805281162262
43.7523021698,-10,-1.9819608926773
43.770205974579,-10,-1.9838782548904
43.787223100662,-10,-1.9861935377121
43.804342031479,-10,-1.9886468648911
43.823592185974,-10,-1.9914145469666
43.841426134109,-10,-1.9946119785309
43.863322973251,-10,-1.9976197481155
43.880460977554,-10,-2.001482963562
43.897577047348,-10,-2.0047860145569
43.914831161499,-10,-2.0081520080566
43.932065963745,-10,-2.0114622116089
43.949272155762,-10,-2.0146765708923
43.97015619278,-10,-2.0178036689758
43.986809968948,-10,-2.0210461616516
44.010632038116,-10,-2.0234136581421
44.027975082397,-10,-2.0256175994873
44.045350074768,-10,-2.0272724628448
44.06317615509,-10,-2.0287744998932
44.080877065659,-10,-2.0301728248596
44.097712039948,-10,-2.0314538478851
44.116790056229,-10,-2.0326502323151
44.133855104446,-10,-2.03355884552
44.150653123856,-10,-2.0341086387634
44.170180082321,-10,-2.0341739654541
44.18735408783,-10,-2.0335850715637
44.204524040222,-10,-2.0326499938965
44.223946094513,-10,-2.0313606262207
44.241217136383,-10,-2.0294439792633
44.263375997543,-10,-2.0276172161102
44.280810117722,-10,-2.0249512195587
44.297883987427,-10,-2.022843837738
44.315199136734,-10,-2.0208034515381
44.330646038055,-10,-2.0188026428223
44.348257064819,-10,-2.0171337127686
44.365633964539,-10,-2.0151979923248
44.384047031403,-10,-2.0132858753204
44.402024030685,-10,-2.011159658432
44.423352956772,-10,-2.0090141296387
44.440427064896,-10,-2.0062236785889
44.463827133179,-10,-2.004252910614
44.481150150299,-10,-2.0010673999786
44.503216981888,-10,-1.9987454414368
44.520125150681,-10,-1.9961311817169
44.543888092041,-10,-1.9946336746216
44.560568094254,-10,-1.9928504228592
44.583642959595,-10,-1.9919677972794
44.600911140442,-10,-1.9905537366867
44.617698192596,-10,-1.9896664619446
44.637824058533,-10,-1.988694190979
44.655348062515,-10,-1.9872677326202
44.672724962234,-10,-1.9863467216492
44.690123081207,-10,-1.9855183362961
44.707410097122,-10,-1.9844374656677
44.724066019058,-10,-1.9831939935684
44.744704961777,-10,-1.9818958044052
44.762953042984,-10,-1.9801959991455
44.78151011467,-10,-1.9789694547653
44.799661159515,-10,-1.9778884649277
44.823456048965,-10,-1.9771295785904
44.840679168701,-10,-1.976549744606
44.863923072815,-10,-1.9767161607742
44.881370067596,-10,-1.9769766330719
44.898467063904,-10,-1.9772356748581
44.923750162125,-10,-1.9771659374237
44.942255020142,-10,-1.9761923551559
44.959951162338,-10,-1.975670337677
44.977565050125,-10,-1.9751462936401
44.997205018997,-10,-1.974604845047
45.016715049744,-10,-1.9742600917816
45.03627705574,-10,-1.9744523763657
45.056589126587,-10,-1.9748656749725
45.080306053162,-10,-1.975402712822
45.103842973709,-10,-1.9760626554489
45.123458147049,-10,-1.9771184921265
45.145437002182,-10,-1.9780658483505
45.165333986282,-10,-1.9789164066315
45.185176134109,-10,-1.9799165725708
45.205108165741,-10,-1.9808403253555
45.22541809082,-10,-1.9815391302109
45.244945049286,-10,-1.9819678068161
45.264302968979,-10,-1.9824606180191
45.282143115997,-10,-1.983115196228
45.299148082733,-10,-1.983534693718
45.315733194351,-10,-1.9839128255844
45.332288980484,-10,-1.9843374490738
45.348948001862,-10,-1.9847427606583
45.365740060806,-10,-1.9850678443909
45.382902145386,-10,-1.9854021072388
45.40015912056,-10,-1.9858938455582
45.417297124863,-10,-1.9863407611847
45.434125185013,-10,-1.9867522716522
45.451032161713,-10,-1.9871799945831
45.467790126801,-10,-1.9876141548157
45.484670162201,-10,-1.9879424571991
45.501456022263,-10,-1.9880611896515
45.518458127975,-10,-1.9879403114319
45.535246133804,-10,-1.9877097606659
45.551995992661,-10,-1.9875473976135
45.568974018097,-10,-1.9874334335327
45.586256980896,-10,-1.9873495101929
45.603338003159,-10,-1.9871686697006
45.620189189911,-10,-1.9868950843811
45.637153148651,-10,-1.9867571592331
45.654685020447,-10,-1.9867163896561
45.67204618454,-10,-1.9867066144943
45.689862012863,-10,-1.9867806434631
45.707168102264,-10,-1.9869028329849
45.724234104156,-10,-1.9871789216995
45.741381168365,-10,-1.987673997879
45.759248971939,-10,-1.9883488416672
45.78418803215,-10,-1.9892758131027
45.802448987961,-10,-1.9905844926834
45.823892116547,-10,-1.9918307065964
45.841804027557,-10,-1.9929730892181
45.864161968231,-10,-1.9939455986023
45.882626056671,-10,-1.9947303533554
45.907552957535,-10,-1.9953445196152
45.930097103119,-10,-1.99618268013
45.952651023865,-10,-1.9971482753754
45.973670005798,-10,-1.9981132745743
45.994552135468,-10,-1.9991128444672
46.014258146286,-10,-1.9999281167984
46.034579992294,-10,-2.0006308555603
46.053873062134,-10,-2.0010688304901
46.07285618782,-10,-2.0013589859009
46.092316150665,-10,-2.0012948513031
46.112004995346,-10,-2.0011138916016
46.131632089615,-10,-2.0007371902466
46.150657176971,-10,-2.0002562999725
46.167795181274,-10,-1.9995629787445
46.184784173965,-10,-1.9988428354263
46.201936006546,-10,-1.9980750083923
46.219007968903,-10,-1.9972287416458
46.236042022705,-10,-1.9963684082031
46.253021001816,-10,-1.9954982995987
46.26985502243,-10,-1.9946109056473
46.286756038666,-10,-1.9936883449554
46.303687095642,-10,-1.9927222728729
46.320592164993,-10,-1.9916616678238
46.337717056274,-10,-1.9903637170792
46.355129003525,-10,-1.9890320301056
46.371975183487,-10,-1.9876434803009
46.388600111008,-10,-1.9866018295288
46.405439138412,-10,-1.9858554601669
46.42213511467,-10,-1.9851585626602
46.438759088516,-10,-1.9845386743546
46.455976963043,-10,-1.9839384555817
46.473031044006,-10,-1.9831243753433
46.490216970444,-10,-1.9820172786713
46.507613182068,-10,-1.980850815773
46.52448797226,-10,-1.9799033403397
46.541298151016,-10,-1.9791049957275
46.558628082275,-10,-1.9784150123596
46.575374126434,-10,-1.9777535200119
46.591998100281,-10,-1.9772089719772
46.608970165253,-10,-1.976908326149
46.625988960266,-10,-1.9768351316452
46.650931119919,-10,-1.9765101671219
46.668506145477,-10,-1.9755972623825
46.685389041901,-10,-1.9753136634827
46.702450990677,-10,-1.9750455617905
46.71941113472,-10,-1.9747151136398
46.73589515686,-10,-1.9744747877121
46.753933191299,-10,-1.9743267297745
46.771624088287,-10,-1.974201798439
46.788993120193,-10,-1.9741715192795
46.805824995041,-10,-1.9742349386215
46.824599027634,-10,-1.9744460582733
46.841742038727,-10,-1.9747853279114
46.858530044556,-10,-1.9752203226089
46.877914190292,-10,-1.9757089614868
46.894976139069,-10,-1.9766067266464
46.911828994751,-10,-1.9777591228485
46.931425094604,-10,-1.9792271852493
46.948820114136,-10,-1.9812172651291
46.97110414505,-10,-1.9832336902618
46.988749027252,-10,-1.9858257770538
47.006047964096,-10,-1.9879676103592
47.023708105087,-10,-1.9898471832275
47.041299104691,-10,-1.9917358160019
47.058701992035,-10,-1.9937134981155
47.075983047485,-10,-1.995610833168
47.093481063843,-10,-1.9974285364151
47.110265016556,-10,-1.9991987943649
47.127164125443,-10,-2.00066447258
47.144675016403,-10,-2.0016510486603
47.16180896759,-10,-2.0022850036621
47.185235023499,-10,-2.0026893615723
47.203159093857,-10,-2.0026149749756
47.220477104187,-10,-2.0027050971985
47.238057136536,-10,-2.0029497146606
47.254912137985,-10,-2.003270149231
47.278338193893,-10,-2.0036449432373
47.295721054077,-10,-2.0038034915924
47.31290602684,-10,-2.0040893554688
47.330147981644,-10,-2.0042579174042
47.347529172897,-10,-2.0042502880096
47.364806175232,-10,-2.0039629936218
47.382286071777,-10,-2.0036880970001
47.399861097336,-10,-2.0036730766296
47.417219161987,-10,-2.0038406848907
47.434257030487,-10,-2.0040338039398
47.451713085175,-10,-2.0045597553253
47.468950986862,-10,-2.0053932666779
47.485731124878,-10,-2.0063095092773
47.502634048462,-10,-2.0070779323578
47.519474029541,-10,-2.0075771808624
47.536213159561,-10,-2.0077676773071
47.557624101639,-10,-2.0076055526733
47.585391044617,-10,-2.0070652961731
47.60204911232,-10,-2.0060293674469
47.624317169189,-10,-2.0056629180908
47.641607999802,-10,-2.0049040317535
47.664545059204,-10,-2.0046195983887
47.681425094604,-10,-2.0043928623199
47.697911024094,-10,-2.0044672489166
47.713916063309,-10,-2.0046038627625
47.729561090469,-10,-2.0050566196442
47.745717048645,-10,-2.0057785511017
47.764158964157,-10,-2.0064022541046
47.782044172287,-10,-2.006915807724
47.800024032593,-10,-2.0076961517334
47.816989183426,-10,-2.0085377693176
47.834048986435,-10,-2.0093364715576
47.851432085037,-10,-2.0100572109222
47.868756055832,-10,-2.010635137558
47.885429143906,-10,-2.0109446048737
47.904736995697,-10,-2.0109829902649
47.921848058701,-10,-2.0104334354401
47.944875001907,-10,-2.0095112323761
47.962172985077,-10,-2.0075602531433
47.984558105469,-10,-2.006228685379
48.001325130463,-10,-2.0041971206665
48.018135070801,-10,-2.0028564929962
48.038263082504,-10,-2.0016503334045
48.055145978928,-10,-2.0003709793091
48.072236061096,-10,-1.9995927810669
48.091927051544,-10,-1.998827457428
48.109174013138,-10,-1.9979130029678
48.131963968277,-10,-1.9974091053009
48.149343013763,-10,-1.996814250946
48.166558980942,-10,-1.9968400001526
48.18397808075,-10,-1.9970376491547
48.201351165771,-10,-1.9972892999649
48.218564987183,-10,-1.9975900650024
48.235896110535,-10,-1.9981753826141
48.253329992294,-10,-1.9988685846329
48.278146982193,-10,-1.9995797872543
48.302039146423,-10,-1.9997832775116
48.319745063782,-10,-1.9995249509811
48.337980031967,-10,-1.99942445755
48.35487818718,-10,-1.9992790222168
48.371708154678,-10,-1.9991934299469
48.388277053833,-10,-1.9989713430405
48.411295175552,-10,-1.9986357688904
48.428181171417,-10,-1.9975606203079
48.44497013092,-10,-1.9969271421432
48.461765050888,-10,-1.9962817430496
48.478381156921,-10,-1.995436668396
48.494942188263,-10,-1.994412779808
48.51221704483,-10,-1.9934749603271
48.529644966125,-10,-1.9925523996353
48.546794176102,-10,-1.9915679693222
48.563919067383,-10,-1.990730881691
48.581331014633,-10,-1.9902392625809
48.598433971405,-10,-1.9900069236755
48.615555047989,-10,-1.9900077581406
48.63876914978,-10,-1.9900077581406
48.656143188477,-10,-1.9892820119858
48.673591136932,-10,-1.9885424375534
48.691033124924,-10,-1.9877636432648
48.708661079407,-10,-1.9871253967285
48.73163318634,-10,-1.9865492582321
48.751509189606,-10,-1.9859265089035
48.774183034897,-10,-1.9850300550461
48.795587062836,-10,-1.9842767715454
48.81786108017,-10,-1.9836061000824
48.841989040375,-10,-1.9831203222275
48.864557981491,-10,-1.9830300807953
48.884773015976,-10,-1.9834582805634
48.906836986542,-10,-1.9841188192368
48.926269054413,-10,-1.9849512577057
48.945608139038,-10,-1.9857860803604
48.964552164078,-10,-1.98635160923
48.983757972717,-10,-1.9868092536926
49.00258898735,-10,-1.9871335029602
49.019299030304,-10,-1.9876974821091
49.036302089691,-10,-1.988329410553
49.053857088089,-10,-1.9889590740204
49.070754051208,-10,-1.9895447492599
49.087510108948,-10,-1.9900058507919
49.104001998901,-10,-1.9906890392303
49.120491027832,-10,-1.9915771484375
49.13713312149,-10,-1.992405295372
49.154118061066,-10,-1.9932028055191
49.170842170715,-10,-1.9938373565674
49.187909126282,-10,-1.9942883253098
49.204975128174,-10,-1.9945895671844
49.221968173981,-10,-1.9949182271957
49.238940000534,-10,-1.9953575134277
49.256329059601,-10,-1.9958157539368
49.271866083145,-10,-1.9961981773376
49.288632154465,-10,-1.9964938163757
49.305335998535,-10,-1.9965615272522
49.322144031525,-10,-1.9964154958725
49.338907957077,-10,-1.9960566759109
49.355751991272,-10,-1.9955848455429
49.372611045837,-10,-1.9949911832809
49.3893430233,-10,-1.9943879842758
49.411679029465,-10,-1.993777513504
49.42862701416,-10,-1.9922556877136
49.445357084274,-10,-1.9911118745804
49.462220191956,-10,-1.9896696805954
49.479231119156,-10,-1.987878203392
49.495828151703,-10,-1.9857324361801
49.512572050095,-10,-1.9838703870773
49.529464006424,-10,-1.9821922779083
49.546523094177,-10,-1.9806689023972
49.563542127609,-10,-1.9792875051498
49.581076145172,-10,-1.9779487848282
49.598165988922,-10,-1.976550579071
49.615802049637,-10,-1.9751238822937
49.632578134537,-10,-1.9738113880157
49.651883125305,-10,-1.9731730222702
49.668581008911,-10,-1.9730474948883
49.6924700737,-10,-1.9736191034317
49.709743022919,-10,-1.9742916822433
49.72705411911,-10,-1.9752517938614
49.744194030762,-10,-1.9766429662704
49.760850191116,-10,-1.9781368970871
49.777904987335,-10,-1.9797518253326
49.798959970474,-10,-1.9814573526382
49.814283132553,-10,-1.9834367036819
49.830944061279,-10,-1.9850466251373
49.851423025131,-10,-1.986811041832
49.867118120193,-10,-1.9890508651733
49.893321990967,-10,-1.9909520149231
49.912544965744,-10,-1.9936623573303
49.930301189423,-10,-1.9960204362869
49.948152065277,-10,-1.998931646347
49.96568107605,-10,-2.0024418830872
49.989449977875,-10,-2.0063753128052
50.006524085999,-10,-2.0118086338043